0 129253
1 29482
2 20514
3 15935
4 13188
5 11499
6 10060
7 9297
8 8447
9 7794
10 7351
11 6935
12 6426
13 6179
14 5927
15 5595
16 5314
17 5093
18 4821
19 4756
20 4470
21 4387
22 4235
23 4080
24 4129
25 4053
26 3812
27 3725
28 3559
29 3519
30 3530
31 3298
32 3257
33 3239
34 3296
35 3077
36 3000
37 3023
38 2994
39 2800
40 2903
41 2761
42 2664
43 2647
44 2613
45 2541
46 2599
47 2517
48 2463
49 2463
50 2406
51 2362
52 2351
53 2271
54 2334
55 2281
56 2290
57 2230
58 2194
59 2159
60 2119
61 2122
62 2138
63 2028
64 2107
65 2074
66 1935
67 1992
68 1915
69 1896
70 1906
71 1865
72 1963
73 1832
74 1815
75 1848
76 1830
77 1801
78 1827
79 1732
80 1746
81 1727
82 1665
83 1693
84 1606
85 1654
86 1588
87 1606
88 1667
89 1653
90 1663
91 1587
92 1523
93 1530
94 1588
95 1572
96 1501
97 1484
98 1603
99 1551
100 1488
101 1464
102 1460
103 1474
104 1395
105 1452
106 1410
107 1380
108 1396
109 1482
110 1374
111 1429
112 1323
113 1360
114 1285
115 1379
116 1322
117 1315
118 1362
119 1296
120 1281
121 1319
122 1291
123 1316
124 1321
125 1248
126 1274
127 1239
128 1294
129 1302
130 1216
131 1198
132 1204
133 1223
134 1147
135 1189
136 1190
137 1174
138 1210
139 1194
140 1147
141 1167
142 1158
143 1235
144 1126
145 1172
146 1153
147 1177
148 1125
149 1085
150 1099
151 1092
152 1073
153 1095
154 1087
155 1109
156 1074
157 1082
158 1057
159 1078
160 1091
161 1042
162 1057
163 1094
164 1088
165 1056
166 1017
167 1051
168 1005
169 1005
170 1044
171 1124
172 994
173 1014
174 1005
175 942
176 988
177 974
178 1067
179 980
180 1014
181 1051
182 1028
183 1006
184 1020
185 989
186 997
187 975
188 938
189 1022
190 939
191 916
192 951
193 957
194 959
195 961
196 932
197 911
198 947
199 879
200 895
201 913
202 918
203 905
204 910
205 894
206 907
207 887
208 872
209 888
210 878
211 914
212 892
213 901
214 856
215 849
216 857
217 896
218 884
219 795
220 850
221 862
222 845
223 908
224 830
225 852
226 860
227 884
228 800
229 857
230 841
231 826
232 863
233 844
234 842
235 822
236 841
237 823
238 792
239 760
240 842
241 751
242 808
243 790
244 866
245 776
246 789
247 772
248 758
249 786
250 781
251 774
252 776
253 795
254 835
255 744
256 760
257 805
258 753
259 799
260 738
261 748
262 771
263 778
264 785
265 834
266 779
267 765
268 727
269 770
270 733
271 800
272 730
273 742
274 743
275 737
276 718
277 721
278 737
279 725
280 723
281 753
282 761
283 665
284 697
285 703
286 691
287 728
288 723
289 710
290 727
291 679
292 709
293 663
294 714
295 751
296 675
297 672
298 714
299 696
300 630
301 682
302 668
303 671
304 690
305 650
306 706
307 660
308 701
309 697
310 636
311 723
312 615
313 692
314 679
315 656
316 655
317 642
318 628
319 605
320 703
321 690
322 629
323 673
324 636
325 639
326 669
327 629
328 652
329 654
330 694
331 656
332 619
333 601
334 644
335 596
336 643
337 577
338 665
339 624
340 635
341 625
342 624
343 574
344 649
345 671
346 623
347 658
348 617
349 614
350 612
351 664
352 599
353 613
354 650
355 635
356 602
357 613
358 603
359 584
360 626
361 588
362 599
363 594
364 594
365 592
366 580
367 600
368 609
369 599
370 579
371 611
372 610
373 573
374 638
375 615
376 613
377 607
378 610
379 599
380 549
381 571
382 598
383 561
384 585
385 572
386 548
387 584
388 556
389 519
390 609
391 564
392 581
393 550
394 523
395 534
396 617
397 535
398 538
399 602
400 580
401 575
402 560
403 595
404 541
405 543
406 574
407 569
408 561
409 529
410 520
411 581
412 521
413 523
414 543
415 568
416 541
417 549
418 510
419 520
420 512
421 531
422 533
423 535
424 518
425 535
426 539
427 575
428 512
429 520
430 531
431 528
432 595
433 517
434 492
435 546
436 543
437 511
438 515
439 517
440 531
441 560
442 524
443 505
444 528
445 493
446 527
447 517
448 538
449 498
450 494
451 500
452 499
453 527
454 515
455 501
456 506
457 481
458 502
459 502
460 507
461 538
462 514
463 502
464 543
465 487
466 551
467 493
468 550
469 544
470 479
471 488
472 505
473 496
474 518
475 543
476 512
477 502
478 515
479 523
480 507
481 505
482 514
483 485
484 471
485 463
486 480
487 489
488 487
489 470
490 489
491 473
492 487
493 467
494 496
495 476
496 516
497 471
498 478
499 522
500 485
501 498
502 453
503 475
504 501
505 482
506 485
507 475
508 483
509 443
510 454
511 484
512 486
513 472
514 469
515 418
516 478
517 468
518 466
519 472
520 479
521 476
522 478
523 477
524 474
525 449
526 459
527 491
528 508
529 498
530 508
531 446
532 497
533 492
534 425
535 485
536 473
537 463
538 459
539 482
540 501
541 435
542 500
543 469
544 467
545 435
546 398
547 462
548 457
549 445
550 457
551 459
552 475
553 456
554 476
555 439
556 472
557 445
558 417
559 424
560 464
561 475
562 414
563 462
564 476
565 414
566 473
567 435
568 449
569 442
570 432
571 438
572 427
573 457
574 474
575 423
576 425
577 426
578 448
579 423
580 431
581 426
582 428
583 454
584 385
585 434
586 471
587 437
588 455
589 449
590 439
591 420
592 404
593 386
594 432
595 472
596 386
597 419
598 412
599 443
600 400
601 416
602 390
603 430
604 371
605 447
606 439
607 455
608 454
609 414
610 436
611 419
612 409
613 429
614 436
615 420
616 415
617 381
618 404
619 409
620 385
621 402
622 412
623 425
624 413
625 402
626 376
627 425
628 398
629 411
630 419
631 438
632 437
633 412
634 412
635 412
636 418
637 420
638 399
639 388
640 407
641 407
642 412
643 393
644 392
645 413
646 421
647 433
648 409
649 406
650 416
651 408
652 389
653 409
654 413
655 381
656 374
657 417
658 406
659 369
660 382
661 397
662 419
663 376
664 397
665 407
666 401
667 401
668 418
669 426
670 412
671 347
672 369
673 381
674 394
675 374
676 436
677 384
678 396
679 419
680 366
681 385
682 407
683 383
684 360
685 400
686 402
687 430
688 386
689 441
690 396
691 383
692 377
693 382
694 356
695 396
696 363
697 382
698 383
699 390
700 371
701 375
702 392
703 384
704 368
705 402
706 387
707 351
708 414
709 340
710 374
711 404
712 339
713 369
714 395
715 383
716 387
717 377
718 378
719 363
720 364
721 357
722 395
723 384
724 397
725 386
726 385
727 378
728 342
729 389
730 378
731 356
732 350
733 376
734 373
735 371
736 365
737 360
738 368
739 377
740 367
741 364
742 353
743 381
744 389
745 377
746 342
747 388
748 385
749 368
750 351
751 348
752 330
753 357
754 341
755 332
756 400
757 366
758 383
759 345
760 368
761 334
762 391
763 355
764 375
765 351
766 361
767 373
768 366
769 358
770 327
771 364
772 337
773 345
774 341
775 328
776 380
777 336
778 361
779 329
780 345
781 352
782 327
783 330
784 361
785 375
786 366
787 360
788 364
789 359
790 347
791 348
792 336
793 367
794 352
795 347
796 319
797 350
798 342
799 337
800 345
801 333
802 344
803 346
804 325
805 364
806 353
807 323
808 351
809 352
810 349
811 358
812 323
813 371
814 367
815 353
816 340
817 334
818 370
819 343
820 329
821 334
822 345
823 350
824 356
825 364
826 333
827 345
828 323
829 342
830 345
831 348
832 361
833 321
834 363
835 349
836 345
837 345
838 307
839 316
840 339
841 335
842 343
843 332
844 333
845 322
846 347
847 318
848 317
849 328
850 284
851 282
852 297
853 325
854 326
855 359
856 336
857 298
858 344
859 326
860 341
861 315
862 366
863 329
864 325
865 332
866 358
867 354
868 328
869 338
870 341
871 356
872 312
873 306
874 344
875 295
876 322
877 312
878 310
879 322
880 339
881 341
882 354
883 325
884 370
885 310
886 310
887 307
888 355
889 336
890 320
891 316
892 305
893 334
894 341
895 296
896 352
897 341
898 321
899 312
900 302
901 310
902 338
903 292
904 349
905 324
906 266
907 300
908 306
909 289
910 277
911 303
912 325
913 313
914 327
915 298
916 337
917 293
918 274
919 298
920 296
921 351
922 315
923 317
924 293
925 342
926 277
927 312
928 292
929 308
930 295
931 294
932 309
933 312
934 298
935 293
936 300
937 309
938 300
939 321
940 322
941 303
942 293
943 338
944 307
945 308
946 318
947 305
948 323
949 298
950 319
951 284
952 308
953 309
954 285
955 301
956 306
957 312
958 329
959 308
960 286
961 321
962 282
963 308
964 277
965 278
966 348
967 303
968 268
969 328
970 301
971 308
972 302
973 271
974 331
975 328
976 320
977 313
978 303
979 323
980 268
981 283
982 305
983 311
984 299
985 299
986 292
987 310
988 336
989 298
990 284
991 292
992 265
993 311
994 298
995 298
996 303
997 287
998 304
999 330
