0 80
1 105
2 76
3 102
4 83
5 95
6 96
7 89
8 80
9 106
10 103
11 99
12 103
13 100
14 107
15 100
16 95
17 107
18 89
19 106
20 106
21 107
22 121
23 113
24 102
25 120
26 121
27 124
28 139
29 128
30 142
31 126
32 125
33 136
34 135
35 156
36 137
37 133
38 139
39 135
40 139
41 145
42 151
43 122
44 135
45 144
46 135
47 144
48 146
49 153
50 163
51 161
52 139
53 179
54 182
55 164
56 177
57 163
58 207
59 160
60 190
61 181
62 173
63 168
64 161
65 174
66 162
67 196
68 190
69 208
70 210
71 208
72 193
73 215
74 223
75 225
76 203
77 208
78 218
79 220
80 200
81 217
82 227
83 251
84 219
85 213
86 250
87 234
88 230
89 256
90 248
91 238
92 259
93 229
94 241
95 266
96 267
97 250
98 278
99 304
100 257
101 304
102 270
103 278
104 280
105 309
106 289
107 296
108 319
109 307
110 329
111 294
112 324
113 320
114 322
115 310
116 352
117 297
118 333
119 319
120 357
121 353
122 371
123 342
124 306
125 360
126 347
127 389
128 329
129 365
130 373
131 377
132 381
133 333
134 371
135 377
136 363
137 373
138 421
139 426
140 412
141 389
142 411
143 412
144 416
145 380
146 447
147 451
148 478
149 451
150 410
151 433
152 460
153 444
154 453
155 418
156 470
157 445
158 437
159 471
160 437
161 458
162 499
163 477
164 473
165 483
166 477
167 530
168 463
169 508
170 531
171 521
172 504
173 493
174 515
175 536
176 557
177 548
178 544
179 555
180 601
181 561
182 577
183 566
184 595
185 561
186 594
187 586
188 562
189 649
190 604
191 590
192 598
193 629
194 598
195 664
196 647
197 647
198 612
199 638
200 655
201 633
202 665
203 639
204 710
205 660
206 732
207 662
208 727
209 685
210 681
211 688
212 730
213 710
214 759
215 775
216 700
217 741
218 727
219 789
220 752
221 783
222 749
223 725
224 783
225 759
226 822
227 855
228 812
229 784
230 806
231 852
232 791
233 835
234 833
235 816
236 853
237 887
238 894
239 903
240 842
241 888
242 868
243 855
244 841
245 926
246 909
247 932
248 984
249 903
250 979
251 959
252 1008
253 961
254 965
255 940
256 949
257 994
258 994
259 995
260 962
261 939
262 996
263 991
264 1051
265 1041
266 1046
267 1049
268 1082
269 1010
270 1068
271 1046
272 1017
273 1083
274 1128
275 1119
276 1096
277 1121
278 1100
279 1100
280 1129
281 1147
282 1045
283 1098
284 1193
285 1123
286 1138
287 1178
288 1172
289 1154
290 1152
291 1156
292 1194
293 1234
294 1187
295 1147
296 1222
297 1214
298 1262
299 1186
300 1239
301 1224
302 1239
303 1253
304 1250
305 1212
306 1274
307 1308
308 1287
309 1292
310 1271
311 1249
312 1281
313 1344
314 1368
315 1313
316 1291
317 1277
318 1374
319 1342
320 1404
321 1327
322 1381
323 1363
324 1351
325 1425
326 1433
327 1361
328 1424
329 1417
330 1395
331 1422
332 1497
333 1389
334 1406
335 1413
336 1465
337 1420
338 1525
339 1470
340 1558
341 1546
342 1546
343 1508
344 1454
345 1530
346 1573
347 1491
348 1640
349 1510
350 1485
351 1546
352 1588
353 1559
354 1590
355 1581
356 1524
357 1542
358 1658
359 1542
360 1563
361 1648
362 1565
363 1597
364 1625
365 1602
366 1608
367 1605
368 1696
369 1601
370 1651
371 1680
372 1585
373 1605
374 1599
375 1639
376 1702
377 1630
378 1587
379 1736
380 1607
381 1665
382 1738
383 1730
384 1735
385 1547
386 1733
387 1837
388 1771
389 1717
390 1773
391 1755
392 1756
393 1671
394 1757
395 1764
396 1732
397 1692
398 1814
399 1799
400 1781
401 1795
402 1814
403 1846
404 1816
405 1830
406 1745
407 1871
408 1834
409 1892
410 1770
411 1836
412 1810
413 1832
414 1831
415 1845
416 1911
417 1918
418 1796
419 1831
420 1849
421 1876
422 1870
423 1913
424 1887
425 1915
426 1871
427 1909
428 1835
429 1837
430 1888
431 1871
432 1908
433 1953
434 1915
435 1889
436 1997
437 1850
438 1966
439 1963
440 1971
441 1921
442 2015
443 1955
444 1864
445 1921
446 1976
447 1949
448 1998
449 1954
450 2104
451 1957
452 1954
453 2041
454 1935
455 1961
456 1984
457 1886
458 1968
459 1954
460 1997
461 1980
462 2061
463 1985
464 2029
465 2027
466 1995
467 2028
468 2076
469 1970
470 1999
471 2043
472 1959
473 1979
474 2005
475 1999
476 2032
477 2036
478 1978
479 2079
480 1996
481 2024
482 2014
483 2034
484 1955
485 2009
486 2071
487 1972
488 2033
489 2027
490 2092
491 1967
492 2137
493 2059
494 2004
495 2020
496 2075
497 2074
498 2008
499 2007
500 1992
501 1995
502 1962
503 1986
504 1959
505 2037
506 2029
507 2052
508 2028
509 2008
510 1947
511 1998
512 2022
513 1999
514 1986
515 1986
516 2036
517 2050
518 1975
519 1918
520 1911
521 2036
522 2046
523 1951
524 1953
525 1977
526 2010
527 1981
528 1992
529 1931
530 2075
531 2023
532 2036
533 1889
534 1941
535 1967
536 2000
537 1966
538 1974
539 1935
540 1985
541 1972
542 2115
543 2027
544 1988
545 1909
546 2028
547 1930
548 1966
549 1918
550 1975
551 1907
552 1933
553 1958
554 1957
555 1969
556 1933
557 1945
558 1988
559 1911
560 1923
561 1848
562 1977
563 1940
564 1939
565 1880
566 1965
567 1982
568 1883
569 1971
570 1862
571 1834
572 1852
573 1888
574 1935
575 1852
576 1864
577 1831
578 1865
579 1901
580 1854
581 1896
582 1820
583 1867
584 1814
585 1792
586 1900
587 1931
588 1797
589 1886
590 1851
591 1858
592 1827
593 1838
594 1831
595 1820
596 1795
597 1746
598 1761
599 1850
600 1715
601 1838
602 1734
603 1784
604 1822
605 1723
606 1787
607 1783
608 1715
609 1747
610 1709
611 1768
612 1707
613 1729
614 1718
615 1704
616 1717
617 1739
618 1712
619 1662
620 1699
621 1649
622 1607
623 1719
624 1644
625 1655
626 1678
627 1604
628 1663
629 1675
630 1688
631 1673
632 1649
633 1602
634 1595
635 1531
636 1578
637 1553
638 1583
639 1590
640 1524
641 1501
642 1585
643 1496
644 1585
645 1567
646 1533
647 1553
648 1502
649 1470
650 1544
651 1495
652 1476
653 1469
654 1464
655 1447
656 1562
657 1437
658 1486
659 1442
660 1430
661 1487
662 1441
663 1462
664 1384
665 1435
666 1430
667 1390
668 1438
669 1461
670 1429
671 1440
672 1352
673 1391
674 1349
675 1387
676 1393
677 1334
678 1324
679 1397
680 1322
681 1387
682 1370
683 1360
684 1272
685 1298
686 1299
687 1340
688 1280
689 1298
690 1295
691 1276
692 1252
693 1304
694 1274
695 1276
696 1209
697 1248
698 1292
699 1214
700 1260
701 1226
702 1199
703 1194
704 1132
705 1205
706 1189
707 1168
708 1160
709 1117
710 1130
711 1173
712 1222
713 1096
714 1176
715 1147
716 1097
717 1144
718 1113
719 1095
720 1106
721 1070
722 1066
723 1079
724 1079
725 1114
726 1031
727 1058
728 1023
729 1070
730 1067
731 1062
732 1072
733 1038
734 1072
735 1022
736 1016
737 1004
738 1014
739 995
740 953
741 956
742 984
743 954
744 938
745 967
746 974
747 923
748 973
749 904
750 900
751 855
752 901
753 919
754 847
755 902
756 845
757 879
758 909
759 852
760 822
761 838
762 848
763 897
764 864
765 808
766 799
767 820
768 848
769 814
770 784
771 770
772 780
773 804
774 743
775 800
776 724
777 766
778 735
779 771
780 727
781 750
782 768
783 708
784 725
785 751
786 713
787 686
788 718
789 726
790 710
791 665
792 676
793 629
794 661
795 683
796 699
797 656
798 633
799 680
800 689
801 681
802 647
803 658
804 596
805 647
806 606
807 614
808 590
809 594
810 629
811 608
812 603
813 621
814 599
815 564
816 562
817 604
818 563
819 560
820 575
821 551
822 568
823 544
824 552
825 527
826 540
827 543
828 526
829 495
830 561
831 489
832 535
833 506
834 496
835 499
836 515
837 503
838 481
839 456
840 477
841 465
842 446
843 458
844 461
845 454
846 437
847 411
848 440
849 394
850 429
851 444
852 426
853 403
854 390
855 433
856 403
857 407
858 405
859 380
860 397
861 398
862 416
863 382
864 410
865 419
866 347
867 371
868 367
869 349
870 375
871 341
872 346
873 341
874 338
875 312
876 335
877 344
878 319
879 339
880 353
881 342
882 307
883 310
884 321
885 337
886 341
887 309
888 285
889 325
890 280
891 316
892 305
893 276
894 290
895 255
896 291
897 286
898 271
899 278
900 275
901 255
902 253
903 268
904 266
905 252
906 243
907 245
908 236
909 262
910 253
911 253
912 242
913 210
914 229
915 233
916 256
917 228
918 239
919 215
920 247
921 223
922 216
923 211
924 186
925 216
926 197
927 198
928 182
929 218
930 208
931 202
932 203
933 190
934 181
935 188
936 181
937 185
938 177
939 195
940 190
941 160
942 164
943 157
944 159
945 153
946 167
947 186
948 184
949 176
950 159
951 150
952 178
953 154
954 145
955 152
956 141
957 154
958 137
959 129
960 150
961 172
962 166
963 135
964 125
965 128
966 133
967 128
968 130
969 131
970 130
971 125
972 118
973 120
974 125
975 120
976 124
977 130
978 122
979 116
980 108
981 100
982 102
983 106
984 93
985 126
986 103
987 104
988 117
989 83
990 99
991 107
992 98
993 97
994 112
995 88
996 77
997 99
998 92
999 85
