0 1913
1 1697
2 1612
3 1584
4 1560
5 1530
6 1439
7 1507
8 1447
9 1347
10 1479
11 1376
12 1381
13 1393
14 1350
15 1336
16 1354
17 1287
18 1421
19 1364
20 1327
21 1347
22 1303
23 1300
24 1331
25 1284
26 1277
27 1312
28 1301
29 1263
30 1304
31 1236
32 1262
33 1333
34 1240
35 1211
36 1228
37 1271
38 1245
39 1238
40 1287
41 1286
42 1272
43 1200
44 1239
45 1196
46 1204
47 1208
48 1216
49 1187
50 1253
51 1230
52 1236
53 1201
54 1212
55 1182
56 1211
57 1144
58 1204
59 1197
60 1199
61 1153
62 1225
63 1195
64 1156
65 1222
66 1208
67 1214
68 1131
69 1204
70 1181
71 1168
72 1167
73 1217
74 1173
75 1174
76 1166
77 1203
78 1147
79 1121
80 1167
81 1189
82 1141
83 1181
84 1118
85 1152
86 1172
87 1095
88 1166
89 1126
90 1094
91 1173
92 1158
93 1192
94 1161
95 1086
96 1166
97 1119
98 1151
99 1135
100 1135
101 1161
102 1147
103 1165
104 1155
105 1119
106 1101
107 1192
108 1144
109 1160
110 1079
111 1124
112 1114
113 1167
114 1114
115 1098
116 1097
117 1092
118 1117
119 1104
120 1136
121 1076
122 1124
123 1116
124 1100
125 1141
126 1104
127 1138
128 1123
129 1060
130 1128
131 1109
132 1110
133 1115
134 1032
135 1047
136 1142
137 1060
138 1076
139 1078
140 1014
141 1115
142 1065
143 1136
144 1125
145 1100
146 1155
147 1095
148 1060
149 1114
150 1069
151 1084
152 1121
153 1073
154 1077
155 1082
156 1075
157 1111
158 1052
159 1060
160 1085
161 1129
162 1089
163 1125
164 1123
165 1067
166 1072
167 1108
168 1087
169 1077
170 1100
171 1028
172 1075
173 1020
174 1072
175 1079
176 1076
177 1075
178 1103
179 1091
180 1064
181 1090
182 1030
183 1045
184 1067
185 1020
186 1055
187 1024
188 1057
189 1061
190 1133
191 1012
192 1086
193 1092
194 1032
195 1056
196 992
197 1041
198 1055
199 1063
200 1085
201 1057
202 1044
203 1064
204 1038
205 1077
206 1070
207 1042
208 1058
209 1067
210 1062
211 1033
212 1022
213 1028
214 1025
215 1028
216 1069
217 1043
218 1046
219 1057
220 1100
221 968
222 1013
223 1012
224 1045
225 1083
226 1047
227 982
228 1034
229 1039
230 991
231 1048
232 1068
233 1011
234 1032
235 1024
236 956
237 1113
238 1046
239 1013
240 1036
241 1032
242 1007
243 1046
244 1001
245 1066
246 1027
247 1004
248 1084
249 1029
250 1063
251 1064
252 1041
253 989
254 1097
255 1044
256 1087
257 1063
258 1036
259 1049
260 1013
261 1043
262 1007
263 1016
264 1075
265 1039
266 1069
267 1055
268 1105
269 1029
270 1023
271 997
272 1094
273 1090
274 1031
275 1073
276 1047
277 1001
278 980
279 992
280 1045
281 1015
282 1073
283 1008
284 966
285 980
286 1035
287 991
288 1051
289 976
290 1034
291 1019
292 1031
293 977
294 1061
295 1044
296 1039
297 1048
298 1038
299 1047
300 1007
301 1094
302 968
303 1009
304 1006
305 992
306 993
307 998
308 1027
309 1013
310 1104
311 1008
312 1029
313 1027
314 999
315 1049
316 1062
317 996
318 991
319 990
320 1023
321 1018
322 967
323 988
324 1032
325 1036
326 1038
327 1010
328 998
329 999
330 1007
331 1022
332 902
333 952
334 1003
335 986
336 966
337 1007
338 912
339 987
340 1021
341 997
342 1031
343 1029
344 970
345 1020
346 1035
347 1003
348 1002
349 972
350 958
351 990
352 1048
353 1008
354 1033
355 988
356 978
357 1019
358 949
359 1055
360 960
361 999
362 987
363 964
364 967
365 985
366 995
367 1011
368 960
369 996
370 1031
371 993
372 938
373 1039
374 996
375 994
376 1003
377 1022
378 1088
379 1008
380 989
381 1031
382 946
383 1001
384 993
385 1009
386 997
387 1007
388 967
389 1021
390 960
391 979
392 1029
393 950
394 974
395 1009
396 943
397 999
398 985
399 942
400 989
401 955
402 969
403 1014
404 1021
405 946
406 1005
407 1011
408 956
409 986
410 971
411 983
412 1011
413 1016
414 960
415 953
416 973
417 934
418 985
419 977
420 982
421 992
422 1012
423 971
424 981
425 946
426 990
427 968
428 1012
429 966
430 1060
431 986
432 1013
433 919
434 919
435 956
436 999
437 949
438 1025
439 982
440 947
441 998
442 973
443 1020
444 964
445 971
446 952
447 1020
448 1002
449 982
450 977
451 1011
452 994
453 972
454 994
455 917
456 976
457 1037
458 984
459 983
460 934
461 960
462 989
463 964
464 992
465 981
466 941
467 1018
468 955
469 956
470 979
471 937
472 937
473 963
474 935
475 909
476 932
477 952
478 953
479 903
480 939
481 973
482 934
483 997
484 1006
485 984
486 961
487 1007
488 957
489 930
490 1005
491 991
492 951
493 961
494 1000
495 1006
496 961
497 954
498 933
499 938
500 989
501 964
502 978
503 967
504 966
505 972
506 958
507 967
508 955
509 979
510 961
511 982
512 1005
513 999
514 929
515 961
516 1011
517 920
518 909
519 958
520 984
521 966
522 964
523 939
524 950
525 974
526 987
527 994
528 926
529 973
530 1021
531 935
532 965
533 982
534 1013
535 942
536 874
537 927
538 1002
539 965
540 904
541 946
542 967
543 912
544 961
545 930
546 914
547 914
548 925
549 953
550 934
551 923
552 910
553 990
554 961
555 939
556 952
557 935
558 939
559 995
560 969
561 919
562 946
563 919
564 964
565 990
566 942
567 968
568 910
569 958
570 926
571 904
572 929
573 970
574 981
575 900
576 979
577 950
578 960
579 956
580 926
581 944
582 937
583 971
584 960
585 963
586 940
587 954
588 938
589 960
590 952
591 896
592 1020
593 960
594 971
595 945
596 938
597 962
598 957
599 980
600 924
601 936
602 1014
603 969
604 938
605 957
606 958
607 935
608 958
609 968
610 968
611 908
612 916
613 950
614 911
615 943
616 946
617 946
618 910
619 954
620 910
621 955
622 930
623 935
624 950
625 915
626 897
627 946
628 923
629 943
630 918
631 931
632 895
633 969
634 963
635 875
636 964
637 1036
638 946
639 951
640 986
641 932
642 1004
643 925
644 936
645 890
646 934
647 949
648 919
649 964
650 909
651 963
652 936
653 954
654 931
655 874
656 923
657 881
658 876
659 913
660 937
661 924
662 942
663 942
664 954
665 950
666 968
667 954
668 900
669 942
670 919
671 953
672 904
673 954
674 909
675 927
676 931
677 948
678 942
679 906
680 932
681 921
682 923
683 965
684 984
685 959
686 977
687 936
688 982
689 931
690 919
691 928
692 962
693 888
694 965
695 967
696 918
697 972
698 940
699 972
700 956
701 896
702 956
703 934
704 912
705 939
706 952
707 841
708 972
709 933
710 920
711 973
712 922
713 951
714 901
715 921
716 894
717 903
718 941
719 926
720 918
721 899
722 899
723 942
724 946
725 911
726 918
727 980
728 891
729 953
730 928
731 899
732 937
733 915
734 954
735 944
736 937
737 918
738 930
739 914
740 930
741 884
742 935
743 920
744 914
745 939
746 890
747 956
748 904
749 918
750 923
751 955
752 959
753 945
754 971
755 919
756 954
757 923
758 933
759 900
760 878
761 912
762 917
763 923
764 904
765 916
766 972
767 935
768 894
769 922
770 951
771 907
772 870
773 976
774 949
775 939
776 987
777 923
778 986
779 970
780 909
781 985
782 938
783 929
784 875
785 918
786 956
787 957
788 910
789 883
790 883
791 956
792 968
793 904
794 847
795 894
796 904
797 965
798 850
799 971
800 861
801 920
802 856
803 902
804 912
805 928
806 918
807 898
808 931
809 964
810 908
811 885
812 963
813 937
814 934
815 979
816 950
817 902
818 869
819 945
820 906
821 919
822 936
823 884
824 873
825 914
826 936
827 966
828 892
829 929
830 960
831 903
832 944
833 942
834 908
835 925
836 893
837 920
838 910
839 869
840 918
841 939
842 966
843 830
844 897
845 927
846 872
847 910
848 973
849 939
850 916
851 920
852 909
853 933
854 931
855 910
856 915
857 936
858 942
859 903
860 952
861 896
862 903
863 942
864 900
865 902
866 961
867 890
868 882
869 824
870 936
871 853
872 922
873 913
874 899
875 885
876 880
877 906
878 872
879 918
880 900
881 963
882 910
883 931
884 869
885 876
886 906
887 900
888 927
889 886
890 879
891 895
892 891
893 895
894 970
895 897
896 940
897 864
898 896
899 907
900 913
901 908
902 884
903 925
904 945
905 867
906 903
907 915
908 895
909 900
910 936
911 903
912 893
913 886
914 904
915 931
916 900
917 878
918 924
919 897
920 931
921 929
922 918
923 894
924 877
925 942
926 981
927 892
928 892
929 948
930 925
931 900
932 940
933 947
934 872
935 944
936 894
937 915
938 949
939 869
940 909
941 940
942 864
943 875
944 908
945 879
946 862
947 901
948 988
949 904
950 923
951 884
952 907
953 946
954 949
955 899
956 987
957 905
958 918
959 936
960 899
961 859
962 868
963 886
964 871
965 868
966 878
967 876
968 884
969 908
970 911
971 837
972 906
973 876
974 904
975 892
976 937
977 918
978 927
979 919
980 890
981 907
982 890
983 894
984 926
985 870
986 925
987 902
988 934
989 916
990 841
991 947
992 916
993 875
994 898
995 892
996 910
997 860
998 892
999 902
