test4: inconsistent example:
run_ks_lp_3:
   pat =   0   1   2   3   4   5   6   8   9  10  12
   val =  75  41  38  12  38  13  17  37  14  14  18

A = 
  1   1   1   1   1   1   1   1   1   1   1   1   1   1   1   1 
  0   1   0   1   0   1   0   1   0   1   0   1   0   1   0   1 
  0   0   1   1   0   0   1   1   0   0   1   1   0   0   1   1 
  0   0   0   1   0   0   0   1   0   0   0   1   0   0   0   1 
  0   0   0   0   1   1   1   1   0   0   0   0   1   1   1   1 
  0   0   0   0   0   1   0   1   0   0   0   0   0   1   0   1 
  0   0   0   0   0   0   1   1   0   0   0   0   0   0   1   1 
  0   0   0   0   0   0   0   0   1   1   1   1   1   1   1   1 
  0   0   0   0   0   0   0   0   0   1   0   1   0   1   0   1 
  0   0   0   0   0   0   0   0   0   0   1   1   0   0   1   1 
  0   0   0   0   0   0   0   0   0   0   0   0   1   1   1   1 

b = 75 41 38 12 38 13 17 37 14 14 18
c = 1 2 2 4 2 4 4 7 2 4 4 7 4 7 7 11
c0 = 0
  B = 16 17 18 19 20 21 22 23 24 25 26
  N = 0 1 2 3 4 5 6 7 8 9 10 11 12 13 14 15
  Round 0
    s = 0  (pivot column)
    r = 0 , lambda_0 = 75
    x = 1
    v = 1 1 1 1 1 1 1 1 1 1 1 1 1 1 1 1
    c  = -1 1 1 3 1 3 3 6 1 3 3 6 3 6 6 10
    c0 = 75
    b = 75 41 38 12 38 13 17 37 14 14 18
    A = 
  1   1   1   1   1   1   1   1   1   1   1   1   1   1   1   1 
 -0   1   0   1   0   1   0   1   0   1   0   1   0   1   0   1 
 -0   0   1   1   0   0   1   1   0   0   1   1   0   0   1   1 
 -0   0   0   1   0   0   0   1   0   0   0   1   0   0   0   1 
 -0   0   0   0   1   1   1   1   0   0   0   0   1   1   1   1 
 -0   0   0   0   0   1   0   1   0   0   0   0   0   1   0   1 
 -0   0   0   0   0   0   1   1   0   0   0   0   0   0   1   1 
 -0   0   0   0   0   0   0   0   1   1   1   1   1   1   1   1 
 -0   0   0   0   0   0   0   0   0   1   0   1   0   1   0   1 
 -0   0   0   0   0   0   0   0   0   0   1   1   0   0   1   1 
 -0   0   0   0   0   0   0   0   0   0   0   0   1   1   1   1 
    B = 0 17 18 19 20 21 22 23 24 25 26
    N = 16 1 2 3 4 5 6 7 8 9 10 11 12 13 14 15
  Round 1
    s = 1  (pivot column)
    r = 1 , lambda_0 = 41
    x = 1
    v = -0 1 0 1 0 1 0 1 0 1 0 1 0 1 0 1
    c  = -1 -1 1 2 1 2 3 5 1 2 3 5 3 5 6 9
    c0 = 116
    b = 34 41 38 12 38 13 17 37 14 14 18
    A = 
  1  -1   1   0   1   0   1   0   1   0   1   0   1   0   1   0 
 -0   1   0   1   0   1   0   1   0   1   0   1   0   1   0   1 
 -0  -0   1   1   0   0   1   1   0   0   1   1   0   0   1   1 
 -0  -0   0   1   0   0   0   1   0   0   0   1   0   0   0   1 
 -0  -0   0   0   1   1   1   1   0   0   0   0   1   1   1   1 
 -0  -0   0   0   0   1   0   1   0   0   0   0   0   1   0   1 
 -0  -0   0   0   0   0   1   1   0   0   0   0   0   0   1   1 
 -0  -0   0   0   0   0   0   0   1   1   1   1   1   1   1   1 
 -0  -0   0   0   0   0   0   0   0   1   0   1   0   1   0   1 
 -0  -0   0   0   0   0   0   0   0   0   1   1   0   0   1   1 
 -0  -0   0   0   0   0   0   0   0   0   0   0   1   1   1   1 
    B = 0 1 18 19 20 21 22 23 24 25 26
    N = 16 17 2 3 4 5 6 7 8 9 10 11 12 13 14 15
  Round 2
    s = 2  (pivot column)
    r = 0 , lambda_0 = 34
    x = 1
    v = 1 -1 1 0 1 0 1 0 1 0 1 0 1 0 1 0
    c  = -2 0 -1 2 0 2 2 5 0 2 2 5 2 5 5 9
    c0 = 150
    b = 34 41 4 12 38 13 17 37 14 14 18
    A = 
  1  -1   1   0   1   0   1   0   1   0   1   0   1   0   1   0 
 -0   1  -0   1   0   1   0   1   0   1   0   1   0   1   0   1 
 -1   1  -1   1  -1   0   0   1  -1   0   0   1  -1   0   0   1 
 -0  -0  -0   1   0   0   0   1   0   0   0   1   0   0   0   1 
 -0  -0  -0   0   1   1   1   1   0   0   0   0   1   1   1   1 
 -0  -0  -0   0   0   1   0   1   0   0   0   0   0   1   0   1 
 -0  -0  -0   0   0   0   1   1   0   0   0   0   0   0   1   1 
 -0  -0  -0   0   0   0   0   0   1   1   1   1   1   1   1   1 
 -0  -0  -0   0   0   0   0   0   0   1   0   1   0   1   0   1 
 -0  -0  -0   0   0   0   0   0   0   0   1   1   0   0   1   1 
 -0  -0  -0   0   0   0   0   0   0   0   0   0   1   1   1   1 
    B = 2 1 18 19 20 21 22 23 24 25 26
    N = 16 17 0 3 4 5 6 7 8 9 10 11 12 13 14 15
  Round 3
    s = 3  (pivot column)
    r = 2 , lambda_0 = 4
    x = 1
    v = -1 1 -1 1 -1 0 0 1 -1 0 0 1 -1 0 0 1
    c  = 0 -2 1 -2 2 2 2 3 2 2 2 3 4 5 5 7
    c0 = 158
    b = 34 37 4 8 38 13 17 37 14 14 18
    A = 
  1  -1   1  -0   1   0   1   0   1   0   1   0   1   0   1   0 
  1   0   1  -1   1   1   0   0   1   1   0   0   1   1   0   0 
 -1   1  -1   1  -1   0   0   1  -1   0   0   1  -1   0   0   1 
  1  -1   1  -1   1   0   0   0   1   0   0   0   1   0   0   0 
 -0  -0  -0  -0   1   1   1   1   0   0   0   0   1   1   1   1 
 -0  -0  -0  -0   0   1   0   1   0   0   0   0   0   1   0   1 
 -0  -0  -0  -0   0   0   1   1   0   0   0   0   0   0   1   1 
 -0  -0  -0  -0   0   0   0   0   1   1   1   1   1   1   1   1 
 -0  -0  -0  -0   0   0   0   0   0   1   0   1   0   1   0   1 
 -0  -0  -0  -0   0   0   0   0   0   0   1   1   0   0   1   1 
 -0  -0  -0  -0   0   0   0   0   0   0   0   0   1   1   1   1 
    B = 2 1 3 19 20 21 22 23 24 25 26
    N = 16 17 0 18 4 5 6 7 8 9 10 11 12 13 14 15
  Round 4
    s = 2  (pivot column)
    r = 3 , lambda_0 = 8
    x = 1
    v = 1 -1 1 -1 1 0 0 0 1 0 0 0 1 0 0 0
    c  = -1 -1 -1 -1 1 2 2 3 1 2 2 3 3 5 5 7
    c0 = 166
    b = 26 29 12 8 38 13 17 37 14 14 18
    A = 
  0   0  -1   1   0   0   1   0   0   0   1   0   0   0   1   0 
  0   1  -1   0   0   1   0   0   0   1   0   0   0   1   0   0 
  0   0   1   0   0   0   0   1   0   0   0   1   0   0   0   1 
  1  -1   1  -1   1   0   0   0   1   0   0   0   1   0   0   0 
 -0  -0   0  -0   1   1   1   1   0   0   0   0   1   1   1   1 
 -0  -0   0  -0   0   1   0   1   0   0   0   0   0   1   0   1 
 -0  -0   0  -0   0   0   1   1   0   0   0   0   0   0   1   1 
 -0  -0   0  -0   0   0   0   0   1   1   1   1   1   1   1   1 
 -0  -0   0  -0   0   0   0   0   0   1   0   1   0   1   0   1 
 -0  -0   0  -0   0   0   0   0   0   0   1   1   0   0   1   1 
 -0  -0   0  -0   0   0   0   0   0   0   0   0   1   1   1   1 
    B = 2 1 3 0 20 21 22 23 24 25 26
    N = 16 17 19 18 4 5 6 7 8 9 10 11 12 13 14 15
  Round 5
    s = 4  (pivot column)
    r = 3 , lambda_0 = 8
    x = 1
    v = 1 -1 1 -1 1 0 0 0 1 0 0 0 1 0 0 0
    c  = -2 0 -2 0 -1 2 2 3 0 2 2 3 2 5 5 7
    c0 = 174
    b = 26 29 12 8 30 13 17 37 14 14 18
    A = 
  0   0  -1   1  -0   0   1   0   0   0   1   0   0   0   1   0 
  0   1  -1   0  -0   1   0   0   0   1   0   0   0   1   0   0 
  0   0   1   0  -0   0   0   1   0   0   0   1   0   0   0   1 
  1  -1   1  -1   1   0   0   0   1   0   0   0   1   0   0   0 
 -1   1  -1   1  -1   1   1   1  -1   0   0   0   0   1   1   1 
 -0  -0   0  -0  -0   1   0   1   0   0   0   0   0   1   0   1 
 -0  -0   0  -0  -0   0   1   1   0   0   0   0   0   0   1   1 
 -0  -0   0  -0  -0   0   0   0   1   1   1   1   1   1   1   1 
 -0  -0   0  -0  -0   0   0   0   0   1   0   1   0   1   0   1 
 -0  -0   0  -0  -0   0   0   0   0   0   1   1   0   0   1   1 
 -0  -0   0  -0  -0   0   0   0   0   0   0   0   1   1   1   1 
    B = 2 1 3 4 20 21 22 23 24 25 26
    N = 16 17 19 18 0 5 6 7 8 9 10 11 12 13 14 15
  Round 6
    s = 5  (pivot column)
    r = 5 , lambda_0 = 13
    x = 1
    v = -0 -0 0 -0 -0 1 0 1 0 0 0 0 0 1 0 1
    c  = -2 0 -2 0 -1 -2 2 1 0 2 2 3 2 3 5 5
    c0 = 200
    b = 26 16 12 8 17 13 17 37 14 14 18
    A = 
  0   0  -1   1  -0  -0   1   0   0   0   1   0   0   0   1   0 
  0   1  -1   0   0  -1   0  -1   0   1   0   0   0   0   0  -1 
  0   0   1   0  -0  -0   0   1   0   0   0   1   0   0   0   1 
  1  -1   1  -1   1  -0   0   0   1   0   0   0   1   0   0   0 
 -1   1  -1   1  -1  -1   1   0  -1   0   0   0   0   0   1   0 
 -0  -0   0  -0  -0   1   0   1   0   0   0   0   0   1   0   1 
 -0  -0   0  -0  -0  -0   1   1   0   0   0   0   0   0   1   1 
 -0  -0   0  -0  -0  -0   0   0   1   1   1   1   1   1   1   1 
 -0  -0   0  -0  -0  -0   0   0   0   1   0   1   0   1   0   1 
 -0  -0   0  -0  -0  -0   0   0   0   0   1   1   0   0   1   1 
 -0  -0   0  -0  -0  -0   0   0   0   0   0   0   1   1   1   1 
    B = 2 1 3 4 20 5 22 23 24 25 26
    N = 16 17 19 18 0 21 6 7 8 9 10 11 12 13 14 15
  Round 7
    s = 6  (pivot column)
    r = 4 , lambda_0 = 17
    x = 1
    v = -1 1 -1 1 -1 -1 1 0 -1 0 0 0 0 0 1 0
    c  = 0 -2 0 -2 1 0 -2 1 2 2 2 3 2 3 3 5
    c0 = 234
    b = 9 16 12 8 17 13 0 37 14 14 18
    A = 
  1  -1   0   0   1   1  -1   0   1   0   1   0   0   0   0   0 
  0   1  -1   0   0  -1  -0  -1   0   1   0   0   0   0   0  -1 
  0   0   1   0  -0  -0  -0   1   0   0   0   1   0   0   0   1 
  1  -1   1  -1   1  -0  -0   0   1   0   0   0   1   0   0   0 
 -1   1  -1   1  -1  -1   1   0  -1   0   0   0   0   0   1   0 
 -0  -0   0  -0  -0   1  -0   1   0   0   0   0   0   1   0   1 
  1  -1   1  -1   1   1  -1   1   1   0   0   0   0   0   0   1 
 -0  -0   0  -0  -0  -0  -0   0   1   1   1   1   1   1   1   1 
 -0  -0   0  -0  -0  -0  -0   0   0   1   0   1   0   1   0   1 
 -0  -0   0  -0  -0  -0  -0   0   0   0   1   1   0   0   1   1 
 -0  -0   0  -0  -0  -0  -0   0   0   0   0   0   1   1   1   1 
    B = 2 1 3 4 6 5 22 23 24 25 26
    N = 16 17 19 18 0 21 20 7 8 9 10 11 12 13 14 15
  Round 8
    s = 4  (pivot column)
    r = 6 , lambda_0 = 0
    x = 1
    v = 1 -1 1 -1 1 1 -1 1 1 0 0 0 0 0 0 1
    c  = -1 -1 -1 -1 -1 -1 -1 0 1 2 2 3 2 3 3 4
    c0 = 234
    b = 9 16 12 8 17 13 0 37 14 14 18
    A = 
  0   0  -1   1  -1   0   0  -1   0   0   1   0   0   0   0  -1 
  0   1  -1   0  -0  -1  -0  -1   0   1   0   0   0   0   0  -1 
  0   0   1   0   0  -0  -0   1   0   0   0   1   0   0   0   1 
  0   0   0   0  -1  -1   1  -1   0   0   0   0   1   0   0  -1 
  0   0   0   0   1   0   0   1   0   0   0   0   0   0   1   1 
 -0  -0   0  -0   0   1  -0   1   0   0   0   0   0   1   0   1 
  1  -1   1  -1   1   1  -1   1   1   0   0   0   0   0   0   1 
 -0  -0   0  -0   0  -0  -0   0   1   1   1   1   1   1   1   1 
 -0  -0   0  -0   0  -0  -0   0   0   1   0   1   0   1   0   1 
 -0  -0   0  -0   0  -0  -0   0   0   0   1   1   0   0   1   1 
 -0  -0   0  -0   0  -0  -0   0   0   0   0   0   1   1   1   1 
    B = 2 1 3 4 6 5 0 23 24 25 26
    N = 16 17 19 18 22 21 20 7 8 9 10 11 12 13 14 15
  Round 9
    s = 8  (pivot column)
    r = 6 , lambda_0 = 0
    x = 1
    v = 1 -1 1 -1 1 1 -1 1 1 0 0 0 0 0 0 1
    c  = -2 0 -2 0 -2 -2 0 -1 -1 2 2 3 2 3 3 3
    c0 = 234
    b = 9 16 12 8 17 13 0 37 14 14 18
    A = 
  0   0  -1   1  -1   0   0  -1  -0   0   1   0   0   0   0  -1 
  0   1  -1   0  -0  -1  -0  -1  -0   1   0   0   0   0   0  -1 
  0   0   1   0   0  -0  -0   1  -0   0   0   1   0   0   0   1 
  0   0   0   0  -1  -1   1  -1  -0   0   0   0   1   0   0  -1 
  0   0   0   0   1   0   0   1  -0   0   0   0   0   0   1   1 
 -0  -0   0  -0   0   1  -0   1  -0   0   0   0   0   1   0   1 
  1  -1   1  -1   1   1  -1   1   1   0   0   0   0   0   0   1 
 -1   1  -1   1  -1  -1   1  -1  -1   1   1   1   1   1   1   0 
 -0  -0   0  -0   0  -0  -0   0  -0   1   0   1   0   1   0   1 
 -0  -0   0  -0   0  -0  -0   0  -0   0   1   1   0   0   1   1 
 -0  -0   0  -0   0  -0  -0   0  -0   0   0   0   1   1   1   1 
    B = 2 1 3 4 6 5 8 23 24 25 26
    N = 16 17 19 18 22 21 20 7 0 9 10 11 12 13 14 15
run_ks_lp_3: fin: c0 = 234
   b = 9 16 12 8 17 13 0 37 14 14 18
  1A = 1 2 2 4 2 4 4 7 2 4 4 7 4 7 7 11
  sum(ksval) = 317  =?= 234
solvable: 0
test4: consistent example:
run_ks_lp_3:
   pat =   0   1   2   3   4   5   6   8   9  10  12
   val =  44  17  20   3  22  11  10  40  17  16  19

A = 
  1   1   1   1   1   1   1   1   1   1   1   1   1   1   1   1 
  0   1   0   1   0   1   0   1   0   1   0   1   0   1   0   1 
  0   0   1   1   0   0   1   1   0   0   1   1   0   0   1   1 
  0   0   0   1   0   0   0   1   0   0   0   1   0   0   0   1 
  0   0   0   0   1   1   1   1   0   0   0   0   1   1   1   1 
  0   0   0   0   0   1   0   1   0   0   0   0   0   1   0   1 
  0   0   0   0   0   0   1   1   0   0   0   0   0   0   1   1 
  0   0   0   0   0   0   0   0   1   1   1   1   1   1   1   1 
  0   0   0   0   0   0   0   0   0   1   0   1   0   1   0   1 
  0   0   0   0   0   0   0   0   0   0   1   1   0   0   1   1 
  0   0   0   0   0   0   0   0   0   0   0   0   1   1   1   1 

b = 44 17 20 3 22 11 10 40 17 16 19
c = 1 2 2 4 2 4 4 7 2 4 4 7 4 7 7 11
c0 = 0
  B = 16 17 18 19 20 21 22 23 24 25 26
  N = 0 1 2 3 4 5 6 7 8 9 10 11 12 13 14 15
  Round 0
    s = 0  (pivot column)
    r = 0 , lambda_0 = 44
    x = 1
    v = 1 1 1 1 1 1 1 1 1 1 1 1 1 1 1 1
    c  = -1 1 1 3 1 3 3 6 1 3 3 6 3 6 6 10
    c0 = 44
    b = 44 17 20 3 22 11 10 40 17 16 19
    A = 
  1   1   1   1   1   1   1   1   1   1   1   1   1   1   1   1 
 -0   1   0   1   0   1   0   1   0   1   0   1   0   1   0   1 
 -0   0   1   1   0   0   1   1   0   0   1   1   0   0   1   1 
 -0   0   0   1   0   0   0   1   0   0   0   1   0   0   0   1 
 -0   0   0   0   1   1   1   1   0   0   0   0   1   1   1   1 
 -0   0   0   0   0   1   0   1   0   0   0   0   0   1   0   1 
 -0   0   0   0   0   0   1   1   0   0   0   0   0   0   1   1 
 -0   0   0   0   0   0   0   0   1   1   1   1   1   1   1   1 
 -0   0   0   0   0   0   0   0   0   1   0   1   0   1   0   1 
 -0   0   0   0   0   0   0   0   0   0   1   1   0   0   1   1 
 -0   0   0   0   0   0   0   0   0   0   0   0   1   1   1   1 
    B = 0 17 18 19 20 21 22 23 24 25 26
    N = 16 1 2 3 4 5 6 7 8 9 10 11 12 13 14 15
  Round 1
    s = 1  (pivot column)
    r = 1 , lambda_0 = 17
    x = 1
    v = -0 1 0 1 0 1 0 1 0 1 0 1 0 1 0 1
    c  = -1 -1 1 2 1 2 3 5 1 2 3 5 3 5 6 9
    c0 = 61
    b = 27 17 20 3 22 11 10 40 17 16 19
    A = 
  1  -1   1   0   1   0   1   0   1   0   1   0   1   0   1   0 
 -0   1   0   1   0   1   0   1   0   1   0   1   0   1   0   1 
 -0  -0   1   1   0   0   1   1   0   0   1   1   0   0   1   1 
 -0  -0   0   1   0   0   0   1   0   0   0   1   0   0   0   1 
 -0  -0   0   0   1   1   1   1   0   0   0   0   1   1   1   1 
 -0  -0   0   0   0   1   0   1   0   0   0   0   0   1   0   1 
 -0  -0   0   0   0   0   1   1   0   0   0   0   0   0   1   1 
 -0  -0   0   0   0   0   0   0   1   1   1   1   1   1   1   1 
 -0  -0   0   0   0   0   0   0   0   1   0   1   0   1   0   1 
 -0  -0   0   0   0   0   0   0   0   0   1   1   0   0   1   1 
 -0  -0   0   0   0   0   0   0   0   0   0   0   1   1   1   1 
    B = 0 1 18 19 20 21 22 23 24 25 26
    N = 16 17 2 3 4 5 6 7 8 9 10 11 12 13 14 15
  Round 2
    s = 2  (pivot column)
    r = 2 , lambda_0 = 20
    x = 1
    v = -0 -0 1 1 0 0 1 1 0 0 1 1 0 0 1 1
    c  = -1 -1 -1 1 1 2 2 4 1 2 2 4 3 5 5 8
    c0 = 81
    b = 7 17 20 3 22 11 10 40 17 16 19
    A = 
  1  -1  -1  -1   1   0   0  -1   1   0   0  -1   1   0   0  -1 
 -0   1  -0   1   0   1   0   1   0   1   0   1   0   1   0   1 
 -0  -0   1   1   0   0   1   1   0   0   1   1   0   0   1   1 
 -0  -0  -0   1   0   0   0   1   0   0   0   1   0   0   0   1 
 -0  -0  -0   0   1   1   1   1   0   0   0   0   1   1   1   1 
 -0  -0  -0   0   0   1   0   1   0   0   0   0   0   1   0   1 
 -0  -0  -0   0   0   0   1   1   0   0   0   0   0   0   1   1 
 -0  -0  -0   0   0   0   0   0   1   1   1   1   1   1   1   1 
 -0  -0  -0   0   0   0   0   0   0   1   0   1   0   1   0   1 
 -0  -0  -0   0   0   0   0   0   0   0   1   1   0   0   1   1 
 -0  -0  -0   0   0   0   0   0   0   0   0   0   1   1   1   1 
    B = 0 1 2 19 20 21 22 23 24 25 26
    N = 16 17 18 3 4 5 6 7 8 9 10 11 12 13 14 15
  Round 3
    s = 3  (pivot column)
    r = 3 , lambda_0 = 3
    x = 1
    v = -0 -0 -0 1 0 0 0 1 0 0 0 1 0 0 0 1
    c  = -1 -1 -1 -1 1 2 2 3 1 2 2 3 3 5 5 7
    c0 = 84
    b = 10 14 17 3 22 11 10 40 17 16 19
    A = 
  1  -1  -1   1   1   0   0   0   1   0   0   0   1   0   0   0 
  0   1   0  -1   0   1   0   0   0   1   0   0   0   1   0   0 
  0   0   1  -1   0   0   1   0   0   0   1   0   0   0   1   0 
 -0  -0  -0   1   0   0   0   1   0   0   0   1   0   0   0   1 
 -0  -0  -0  -0   1   1   1   1   0   0   0   0   1   1   1   1 
 -0  -0  -0  -0   0   1   0   1   0   0   0   0   0   1   0   1 
 -0  -0  -0  -0   0   0   1   1   0   0   0   0   0   0   1   1 
 -0  -0  -0  -0   0   0   0   0   1   1   1   1   1   1   1   1 
 -0  -0  -0  -0   0   0   0   0   0   1   0   1   0   1   0   1 
 -0  -0  -0  -0   0   0   0   0   0   0   1   1   0   0   1   1 
 -0  -0  -0  -0   0   0   0   0   0   0   0   0   1   1   1   1 
    B = 0 1 2 3 20 21 22 23 24 25 26
    N = 16 17 18 19 4 5 6 7 8 9 10 11 12 13 14 15
  Round 4
    s = 4  (pivot column)
    r = 0 , lambda_0 = 10
    x = 1
    v = 1 -1 -1 1 1 0 0 0 1 0 0 0 1 0 0 0
    c  = -2 0 0 -2 -1 2 2 3 0 2 2 3 2 5 5 7
    c0 = 94
    b = 10 14 17 3 12 11 10 40 17 16 19
    A = 
  1  -1  -1   1   1   0   0   0   1   0   0   0   1   0   0   0 
  0   1   0  -1  -0   1   0   0   0   1   0   0   0   1   0   0 
  0   0   1  -1  -0   0   1   0   0   0   1   0   0   0   1   0 
 -0  -0  -0   1  -0   0   0   1   0   0   0   1   0   0   0   1 
 -1   1   1  -1  -1   1   1   1  -1   0   0   0   0   1   1   1 
 -0  -0  -0  -0  -0   1   0   1   0   0   0   0   0   1   0   1 
 -0  -0  -0  -0  -0   0   1   1   0   0   0   0   0   0   1   1 
 -0  -0  -0  -0  -0   0   0   0   1   1   1   1   1   1   1   1 
 -0  -0  -0  -0  -0   0   0   0   0   1   0   1   0   1   0   1 
 -0  -0  -0  -0  -0   0   0   0   0   0   1   1   0   0   1   1 
 -0  -0  -0  -0  -0   0   0   0   0   0   0   0   1   1   1   1 
    B = 4 1 2 3 20 21 22 23 24 25 26
    N = 16 17 18 19 0 5 6 7 8 9 10 11 12 13 14 15
  Round 5
    s = 5  (pivot column)
    r = 5 , lambda_0 = 11
    x = 1
    v = -0 -0 -0 -0 -0 1 0 1 0 0 0 0 0 1 0 1
    c  = -2 0 0 -2 -1 -2 2 1 0 2 2 3 2 3 5 5
    c0 = 116
    b = 10 3 17 3 1 11 10 40 17 16 19
    A = 
  1  -1  -1   1   1  -0   0   0   1   0   0   0   1   0   0   0 
  0   1   0  -1   0  -1   0  -1   0   1   0   0   0   0   0  -1 
  0   0   1  -1  -0  -0   1   0   0   0   1   0   0   0   1   0 
 -0  -0  -0   1  -0  -0   0   1   0   0   0   1   0   0   0   1 
 -1   1   1  -1  -1  -1   1   0  -1   0   0   0   0   0   1   0 
 -0  -0  -0  -0  -0   1   0   1   0   0   0   0   0   1   0   1 
 -0  -0  -0  -0  -0  -0   1   1   0   0   0   0   0   0   1   1 
 -0  -0  -0  -0  -0  -0   0   0   1   1   1   1   1   1   1   1 
 -0  -0  -0  -0  -0  -0   0   0   0   1   0   1   0   1   0   1 
 -0  -0  -0  -0  -0  -0   0   0   0   0   1   1   0   0   1   1 
 -0  -0  -0  -0  -0  -0   0   0   0   0   0   0   1   1   1   1 
    B = 4 1 2 3 20 5 22 23 24 25 26
    N = 16 17 18 19 0 21 6 7 8 9 10 11 12 13 14 15
  Round 6
    s = 6  (pivot column)
    r = 4 , lambda_0 = 1
    x = 1
    v = -1 1 1 -1 -1 -1 1 0 -1 0 0 0 0 0 1 0
    c  = 0 -2 -2 0 1 0 -2 1 2 2 2 3 2 3 3 5
    c0 = 118
    b = 10 3 16 3 1 11 9 40 17 16 19
    A = 
  1  -1  -1   1   1  -0  -0   0   1   0   0   0   1   0   0   0 
  0   1   0  -1   0  -1  -0  -1   0   1   0   0   0   0   0  -1 
  1  -1   0   0   1   1  -1   0   1   0   1   0   0   0   0   0 
 -0  -0  -0   1  -0  -0  -0   1   0   0   0   1   0   0   0   1 
 -1   1   1  -1  -1  -1   1   0  -1   0   0   0   0   0   1   0 
 -0  -0  -0  -0  -0   1  -0   1   0   0   0   0   0   1   0   1 
  1  -1  -1   1   1   1  -1   1   1   0   0   0   0   0   0   1 
 -0  -0  -0  -0  -0  -0  -0   0   1   1   1   1   1   1   1   1 
 -0  -0  -0  -0  -0  -0  -0   0   0   1   0   1   0   1   0   1 
 -0  -0  -0  -0  -0  -0  -0   0   0   0   1   1   0   0   1   1 
 -0  -0  -0  -0  -0  -0  -0   0   0   0   0   0   1   1   1   1 
    B = 4 1 2 3 6 5 22 23 24 25 26
    N = 16 17 18 19 0 21 20 7 8 9 10 11 12 13 14 15
  Round 7
    s = 4  (pivot column)
    r = 6 , lambda_0 = 9
    x = 1
    v = 1 -1 -1 1 1 1 -1 1 1 0 0 0 0 0 0 1
    c  = -1 -1 -1 -1 -1 -1 -1 0 1 2 2 3 2 3 3 4
    c0 = 127
    b = 1 3 7 3 10 11 9 40 17 16 19
    A = 
  0   0   0   0  -1  -1   1  -1   0   0   0   0   1   0   0  -1 
  0   1   0  -1  -0  -1  -0  -1   0   1   0   0   0   0   0  -1 
  0   0   1  -1  -1   0   0  -1   0   0   1   0   0   0   0  -1 
 -0  -0  -0   1   0  -0  -0   1   0   0   0   1   0   0   0   1 
  0   0   0   0   1   0   0   1   0   0   0   0   0   0   1   1 
 -0  -0  -0  -0   0   1  -0   1   0   0   0   0   0   1   0   1 
  1  -1  -1   1   1   1  -1   1   1   0   0   0   0   0   0   1 
 -0  -0  -0  -0   0  -0  -0   0   1   1   1   1   1   1   1   1 
 -0  -0  -0  -0   0  -0  -0   0   0   1   0   1   0   1   0   1 
 -0  -0  -0  -0   0  -0  -0   0   0   0   1   1   0   0   1   1 
 -0  -0  -0  -0   0  -0  -0   0   0   0   0   0   1   1   1   1 
    B = 4 1 2 3 6 5 0 23 24 25 26
    N = 16 17 18 19 22 21 20 7 8 9 10 11 12 13 14 15
  Round 8
    s = 8  (pivot column)
    r = 6 , lambda_0 = 9
    x = 1
    v = 1 -1 -1 1 1 1 -1 1 1 0 0 0 0 0 0 1
    c  = -2 0 0 -2 -2 -2 0 -1 -1 2 2 3 2 3 3 3
    c0 = 136
    b = 1 3 7 3 10 11 9 31 17 16 19
    A = 
  0   0   0   0  -1  -1   1  -1  -0   0   0   0   1   0   0  -1 
  0   1   0  -1  -0  -1  -0  -1  -0   1   0   0   0   0   0  -1 
  0   0   1  -1  -1   0   0  -1  -0   0   1   0   0   0   0  -1 
 -0  -0  -0   1   0  -0  -0   1  -0   0   0   1   0   0   0   1 
  0   0   0   0   1   0   0   1  -0   0   0   0   0   0   1   1 
 -0  -0  -0  -0   0   1  -0   1  -0   0   0   0   0   1   0   1 
  1  -1  -1   1   1   1  -1   1   1   0   0   0   0   0   0   1 
 -1   1   1  -1  -1  -1   1  -1  -1   1   1   1   1   1   1   0 
 -0  -0  -0  -0   0  -0  -0   0  -0   1   0   1   0   1   0   1 
 -0  -0  -0  -0   0  -0  -0   0  -0   0   1   1   0   0   1   1 
 -0  -0  -0  -0   0  -0  -0   0  -0   0   0   0   1   1   1   1 
    B = 4 1 2 3 6 5 8 23 24 25 26
    N = 16 17 18 19 22 21 20 7 0 9 10 11 12 13 14 15
  Round 9
    s = 9  (pivot column)
    r = 1 , lambda_0 = 3
    x = 1
    v = 0 1 0 -1 -0 -1 -0 -1 -0 1 0 0 0 0 0 -1
    c  = -2 -2 0 0 -2 0 0 1 -1 -2 2 3 2 3 3 5
    c0 = 142
    b = 1 3 7 3 10 11 9 28 14 16 19
    A = 
  0   0   0   0  -1  -1   1  -1  -0  -0   0   0   1   0   0  -1 
  0   1   0  -1  -0  -1  -0  -1  -0   1   0   0   0   0   0  -1 
  0   0   1  -1  -1   0   0  -1  -0  -0   1   0   0   0   0  -1 
 -0  -0  -0   1   0  -0  -0   1  -0  -0   0   1   0   0   0   1 
  0   0   0   0   1   0   0   1  -0  -0   0   0   0   0   1   1 
 -0  -0  -0  -0   0   1  -0   1  -0  -0   0   0   0   1   0   1 
  1  -1  -1   1   1   1  -1   1   1  -0   0   0   0   0   0   1 
 -1   0   1   0  -1   0   1   0  -1  -1   1   1   1   1   1   1 
 -0  -1  -0   1   0   1   0   1   0  -1   0   1   0   1   0   2 
 -0  -0  -0  -0   0  -0  -0   0  -0  -0   1   1   0   0   1   1 
 -0  -0  -0  -0   0  -0  -0   0  -0  -0   0   0   1   1   1   1 
    B = 4 9 2 3 6 5 8 23 24 25 26
    N = 16 17 18 19 22 21 20 7 0 1 10 11 12 13 14 15
run_ks_lp_3: fin: c0 = 142
   b = 1 3 7 3 10 11 9 28 14 16 19
  1A = 1 2 2 4 2 4 4 7 2 4 4 7 4 7 7 11
  sum(ksval) = 219  =?= 142
solvable: 0
