C (32x32): 
 1  1  1  1  1  1  1  1  1  1  1  1  1  1  1  1  1  1  1  1  1  1  1  1  1  1  1  1  1  1  1  1 
 0  1  0  1  0  1  0  1  0  1  0  1  0  1  0  1  0  1  0  1  0  1  0  1  0  1  0  1  0  1  0  1 
 0  0  1  1  0  0  1  1  0  0  1  1  0  0  1  1  0  0  1  1  0  0  1  1  0  0  1  1  0  0  1  1 
 0  0  0  1  0  0  0  1  0  0  0  1  0  0  0  1  0  0  0  1  0  0  0  1  0  0  0  1  0  0  0  1 
 0  0  0  0  1  1  1  1  0  0  0  0  1  1  1  1  0  0  0  0  1  1  1  1  0  0  0  0  1  1  1  1 
 0  0  0  0  0  1  0  1  0  0  0  0  0  1  0  1  0  0  0  0  0  1  0  1  0  0  0  0  0  1  0  1 
 0  0  0  0  0  0  1  1  0  0  0  0  0  0  1  1  0  0  0  0  0  0  1  1  0  0  0  0  0  0  1  1 
 0  0  0  0  0  0  0  1  0  0  0  0  0  0  0  1  0  0  0  0  0  0  0  1  0  0  0  0  0  0  0  1 
 0  0  0  0  0  0  0  0  1  1  1  1  1  1  1  1  0  0  0  0  0  0  0  0  1  1  1  1  1  1  1  1 
 0  0  0  0  0  0  0  0  0  1  0  1  0  1  0  1  0  0  0  0  0  0  0  0  0  1  0  1  0  1  0  1 
 0  0  0  0  0  0  0  0  0  0  1  1  0  0  1  1  0  0  0  0  0  0  0  0  0  0  1  1  0  0  1  1 
 0  0  0  0  0  0  0  0  0  0  0  1  0  0  0  1  0  0  0  0  0  0  0  0  0  0  0  1  0  0  0  1 
 0  0  0  0  0  0  0  0  0  0  0  0  1  1  1  1  0  0  0  0  0  0  0  0  0  0  0  0  1  1  1  1 
 0  0  0  0  0  0  0  0  0  0  0  0  0  1  0  1  0  0  0  0  0  0  0  0  0  0  0  0  0  1  0  1 
 0  0  0  0  0  0  0  0  0  0  0  0  0  0  1  1  0  0  0  0  0  0  0  0  0  0  0  0  0  0  1  1 
 0  0  0  0  0  0  0  0  0  0  0  0  0  0  0  1  0  0  0  0  0  0  0  0  0  0  0  0  0  0  0  1 
 0  0  0  0  0  0  0  0  0  0  0  0  0  0  0  0  1  1  1  1  1  1  1  1  1  1  1  1  1  1  1  1 
 0  0  0  0  0  0  0  0  0  0  0  0  0  0  0  0  0  1  0  1  0  1  0  1  0  1  0  1  0  1  0  1 
 0  0  0  0  0  0  0  0  0  0  0  0  0  0  0  0  0  0  1  1  0  0  1  1  0  0  1  1  0  0  1  1 
 0  0  0  0  0  0  0  0  0  0  0  0  0  0  0  0  0  0  0  1  0  0  0  1  0  0  0  1  0  0  0  1 
 0  0  0  0  0  0  0  0  0  0  0  0  0  0  0  0  0  0  0  0  1  1  1  1  0  0  0  0  1  1  1  1 
 0  0  0  0  0  0  0  0  0  0  0  0  0  0  0  0  0  0  0  0  0  1  0  1  0  0  0  0  0  1  0  1 
 0  0  0  0  0  0  0  0  0  0  0  0  0  0  0  0  0  0  0  0  0  0  1  1  0  0  0  0  0  0  1  1 
 0  0  0  0  0  0  0  0  0  0  0  0  0  0  0  0  0  0  0  0  0  0  0  1  0  0  0  0  0  0  0  1 
 0  0  0  0  0  0  0  0  0  0  0  0  0  0  0  0  0  0  0  0  0  0  0  0  1  1  1  1  1  1  1  1 
 0  0  0  0  0  0  0  0  0  0  0  0  0  0  0  0  0  0  0  0  0  0  0  0  0  1  0  1  0  1  0  1 
 0  0  0  0  0  0  0  0  0  0  0  0  0  0  0  0  0  0  0  0  0  0  0  0  0  0  1  1  0  0  1  1 
 0  0  0  0  0  0  0  0  0  0  0  0  0  0  0  0  0  0  0  0  0  0  0  0  0  0  0  1  0  0  0  1 
 0  0  0  0  0  0  0  0  0  0  0  0  0  0  0  0  0  0  0  0  0  0  0  0  0  0  0  0  1  1  1  1 
 0  0  0  0  0  0  0  0  0  0  0  0  0  0  0  0  0  0  0  0  0  0  0  0  0  0  0  0  0  1  0  1 
 0  0  0  0  0  0  0  0  0  0  0  0  0  0  0  0  0  0  0  0  0  0  0  0  0  0  0  0  0  0  1  1 
 0  0  0  0  0  0  0  0  0  0  0  0  0  0  0  0  0  0  0  0  0  0  0  0  0  0  0  0  0  0  0  1 

C^tC (32x32): 
 1  1  1  1  1  1  1  1  1  1  1  1  1  1  1  1  1  1  1  1  1  1  1  1  1  1  1  1  1  1  1  1 
 1  2  1  2  1  2  1  2  1  2  1  2  1  2  1  2  1  2  1  2  1  2  1  2  1  2  1  2  1  2  1  2 
 1  1  2  2  1  1  2  2  1  1  2  2  1  1  2  2  1  1  2  2  1  1  2  2  1  1  2  2  1  1  2  2 
 1  2  2  4  1  2  2  4  1  2  2  4  1  2  2  4  1  2  2  4  1  2  2  4  1  2  2  4  1  2  2  4 
 1  1  1  1  2  2  2  2  1  1  1  1  2  2  2  2  1  1  1  1  2  2  2  2  1  1  1  1  2  2  2  2 
 1  2  1  2  2  4  2  4  1  2  1  2  2  4  2  4  1  2  1  2  2  4  2  4  1  2  1  2  2  4  2  4 
 1  1  2  2  2  2  4  4  1  1  2  2  2  2  4  4  1  1  2  2  2  2  4  4  1  1  2  2  2  2  4  4 
 1  2  2  4  2  4  4  8  1  2  2  4  2  4  4  8  1  2  2  4  2  4  4  8  1  2  2  4  2  4  4  8 
 1  1  1  1  1  1  1  1  2  2  2  2  2  2  2  2  1  1  1  1  1  1  1  1  2  2  2  2  2  2  2  2 
 1  2  1  2  1  2  1  2  2  4  2  4  2  4  2  4  1  2  1  2  1  2  1  2  2  4  2  4  2  4  2  4 
 1  1  2  2  1  1  2  2  2  2  4  4  2  2  4  4  1  1  2  2  1  1  2  2  2  2  4  4  2  2  4  4 
 1  2  2  4  1  2  2  4  2  4  4  8  2  4  4  8  1  2  2  4  1  2  2  4  2  4  4  8  2  4  4  8 
 1  1  1  1  2  2  2  2  2  2  2  2  4  4  4  4  1  1  1  1  2  2  2  2  2  2  2  2  4  4  4  4 
 1  2  1  2  2  4  2  4  2  4  2  4  4  8  4  8  1  2  1  2  2  4  2  4  2  4  2  4  4  8  4  8 
 1  1  2  2  2  2  4  4  2  2  4  4  4  4  8  8  1  1  2  2  2  2  4  4  2  2  4  4  4  4  8  8 
 1  2  2  4  2  4  4  8  2  4  4  8  4  8  8 16  1  2  2  4  2  4  4  8  2  4  4  8  4  8  8 16 
 1  1  1  1  1  1  1  1  1  1  1  1  1  1  1  1  2  2  2  2  2  2  2  2  2  2  2  2  2  2  2  2 
 1  2  1  2  1  2  1  2  1  2  1  2  1  2  1  2  2  4  2  4  2  4  2  4  2  4  2  4  2  4  2  4 
 1  1  2  2  1  1  2  2  1  1  2  2  1  1  2  2  2  2  4  4  2  2  4  4  2  2  4  4  2  2  4  4 
 1  2  2  4  1  2  2  4  1  2  2  4  1  2  2  4  2  4  4  8  2  4  4  8  2  4  4  8  2  4  4  8 
 1  1  1  1  2  2  2  2  1  1  1  1  2  2  2  2  2  2  2  2  4  4  4  4  2  2  2  2  4  4  4  4 
 1  2  1  2  2  4  2  4  1  2  1  2  2  4  2  4  2  4  2  4  4  8  4  8  2  4  2  4  4  8  4  8 
 1  1  2  2  2  2  4  4  1  1  2  2  2  2  4  4  2  2  4  4  4  4  8  8  2  2  4  4  4  4  8  8 
 1  2  2  4  2  4  4  8  1  2  2  4  2  4  4  8  2  4  4  8  4  8  8 16  2  4  4  8  4  8  8 16 
 1  1  1  1  1  1  1  1  2  2  2  2  2  2  2  2  2  2  2  2  2  2  2  2  4  4  4  4  4  4  4  4 
 1  2  1  2  1  2  1  2  2  4  2  4  2  4  2  4  2  4  2  4  2  4  2  4  4  8  4  8  4  8  4  8 
 1  1  2  2  1  1  2  2  2  2  4  4  2  2  4  4  2  2  4  4  2  2  4  4  4  4  8  8  4  4  8  8 
 1  2  2  4  1  2  2  4  2  4  4  8  2  4  4  8  2  4  4  8  2  4  4  8  4  8  8 16  4  8  8 16 
 1  1  1  1  2  2  2  2  2  2  2  2  4  4  4  4  2  2  2  2  4  4  4  4  4  4  4  4  8  8  8  8 
 1  2  1  2  2  4  2  4  2  4  2  4  4  8  4  8  2  4  2  4  4  8  4  8  4  8  4  8  8 16  8 16 
 1  1  2  2  2  2  4  4  2  2  4  4  4  4  8  8  2  2  4  4  4  4  8  8  4  4  8  8  8  8 16 16 
 1  2  2  4  2  4  4  8  2  4  4  8  4  8  8 16  2  4  4  8  4  8  8 16  4  8  8 16  8 16 16 32 

time to invert C: 5.6e-05 [s]
C^{-1} (32x32): 
 1 -1 -1  1 -1  1  1 -1 -1  1  1 -1  1 -1 -1  1 -1  1  1 -1  1 -1 -1  1  1 -1 -1  1 -1  1  1 -1 
 0  1  0 -1  0 -1  0  1  0 -1  0  1  0  1  0 -1  0 -1  0  1  0  1  0 -1  0  1  0 -1  0 -1  0  1 
 0  0  1 -1  0  0 -1  1  0  0 -1  1  0  0  1 -1  0  0 -1  1  0  0  1 -1  0  0  1 -1  0  0 -1  1 
 0  0  0  1  0  0  0 -1  0  0  0 -1  0  0  0  1  0  0  0 -1  0  0  0  1  0  0  0  1  0  0  0 -1 
 0  0  0  0  1 -1 -1  1  0  0  0  0 -1  1  1 -1  0  0  0  0 -1  1  1 -1  0  0  0  0  1 -1 -1  1 
 0  0  0  0  0  1  0 -1  0  0  0  0  0 -1  0  1  0  0  0  0  0 -1  0  1  0  0  0  0  0  1  0 -1 
 0  0  0  0  0  0  1 -1  0  0  0  0  0  0 -1  1  0  0  0  0  0  0 -1  1  0  0  0  0  0  0  1 -1 
 0  0  0  0  0  0  0  1  0  0  0  0  0  0  0 -1  0  0  0  0  0  0  0 -1  0  0  0  0  0  0  0  1 
 0  0  0  0  0  0  0  0  1 -1 -1  1 -1  1  1 -1  0  0  0  0  0  0  0  0 -1  1  1 -1  1 -1 -1  1 
 0  0  0  0  0  0  0  0  0  1  0 -1  0 -1  0  1  0  0  0  0  0  0  0  0  0 -1  0  1  0  1  0 -1 
 0  0  0  0  0  0  0  0  0  0  1 -1  0  0 -1  1  0  0  0  0  0  0  0  0  0  0 -1  1  0  0  1 -1 
 0  0  0  0  0  0  0  0  0  0  0  1  0  0  0 -1  0  0  0  0  0  0  0  0  0  0  0 -1  0  0  0  1 
 0  0  0  0  0  0  0  0  0  0  0  0  1 -1 -1  1  0  0  0  0  0  0  0  0  0  0  0  0 -1  1  1 -1 
 0  0  0  0  0  0  0  0  0  0  0  0  0  1  0 -1  0  0  0  0  0  0  0  0  0  0  0  0  0 -1  0  1 
 0  0  0  0  0  0  0  0  0  0  0  0  0  0  1 -1  0  0  0  0  0  0  0  0  0  0  0  0  0  0 -1  1 
 0  0  0  0  0  0  0  0  0  0  0  0  0  0  0  1  0  0  0  0  0  0  0  0  0  0  0  0  0  0  0 -1 
 0  0  0  0  0  0  0  0  0  0  0  0  0  0  0  0  1 -1 -1  1 -1  1  1 -1 -1  1  1 -1  1 -1 -1  1 
 0  0  0  0  0  0  0  0  0  0  0  0  0  0  0  0  0  1  0 -1  0 -1  0  1  0 -1  0  1  0  1  0 -1 
 0  0  0  0  0  0  0  0  0  0  0  0  0  0  0  0  0  0  1 -1  0  0 -1  1  0  0 -1  1  0  0  1 -1 
 0  0  0  0  0  0  0  0  0  0  0  0  0  0  0  0  0  0  0  1  0  0  0 -1  0  0  0 -1  0  0  0  1 
 0  0  0  0  0  0  0  0  0  0  0  0  0  0  0  0  0  0  0  0  1 -1 -1  1  0  0  0  0 -1  1  1 -1 
 0  0  0  0  0  0  0  0  0  0  0  0  0  0  0  0  0  0  0  0  0  1  0 -1  0  0  0  0  0 -1  0  1 
 0  0  0  0  0  0  0  0  0  0  0  0  0  0  0  0  0  0  0  0  0  0  1 -1  0  0  0  0  0  0 -1  1 
 0  0  0  0  0  0  0  0  0  0  0  0  0  0  0  0  0  0  0  0  0  0  0  1  0  0  0  0  0  0  0 -1 
 0  0  0  0  0  0  0  0  0  0  0  0  0  0  0  0  0  0  0  0  0  0  0  0  1 -1 -1  1 -1  1  1 -1 
 0  0  0  0  0  0  0  0  0  0  0  0  0  0  0  0  0  0  0  0  0  0  0  0  0  1  0 -1  0 -1  0  1 
 0  0  0  0  0  0  0  0  0  0  0  0  0  0  0  0  0  0  0  0  0  0  0  0  0  0  1 -1  0  0 -1  1 
 0  0  0  0  0  0  0  0  0  0  0  0  0  0  0  0  0  0  0  0  0  0  0  0  0  0  0  1  0  0  0 -1 
 0  0  0  0  0  0  0  0  0  0  0  0  0  0  0  0  0  0  0  0  0  0  0  0  0  0  0  0  1 -1 -1  1 
 0  0  0  0  0  0  0  0  0  0  0  0  0  0  0  0  0  0  0  0  0  0  0  0  0  0  0  0  0  1  0 -1 
 0  0  0  0  0  0  0  0  0  0  0  0  0  0  0  0  0  0  0  0  0  0  0  0  0  0  0  0  0  0  1 -1 
 0  0  0  0  0  0  0  0  0  0  0  0  0  0  0  0  0  0  0  0  0  0  0  0  0  0  0  0  0  0  0  1 

List of C[i,j] != 0:
  0   0   1 00000 00000 00000  0 ok
  0   1  -1 00000 10000 10000  1 ok
  0   2  -1 00000 01000 01000  1 ok
  0   3   1 00000 11000 11000  0 ok
  0   4  -1 00000 00100 00100  1 ok
  0   5   1 00000 10100 10100  0 ok
  0   6   1 00000 01100 01100  0 ok
  0   7  -1 00000 11100 11100  1 ok
  0   8  -1 00000 00010 00010  1 ok
  0   9   1 00000 10010 10010  0 ok
  0  10   1 00000 01010 01010  0 ok
  0  11  -1 00000 11010 11010  1 ok
  0  12   1 00000 00110 00110  0 ok
  0  13  -1 00000 10110 10110  1 ok
  0  14  -1 00000 01110 01110  1 ok
  0  15   1 00000 11110 11110  0 ok
  0  16  -1 00000 00001 00001  1 ok
  0  17   1 00000 10001 10001  0 ok
  0  18   1 00000 01001 01001  0 ok
  0  19  -1 00000 11001 11001  1 ok
  0  20   1 00000 00101 00101  0 ok
  0  21  -1 00000 10101 10101  1 ok
  0  22  -1 00000 01101 01101  1 ok
  0  23   1 00000 11101 11101  0 ok
  0  24   1 00000 00011 00011  0 ok
  0  25  -1 00000 10011 10011  1 ok
  0  26  -1 00000 01011 01011  1 ok
  0  27   1 00000 11011 11011  0 ok
  0  28  -1 00000 00111 00111  1 ok
  0  29   1 00000 10111 10111  0 ok
  0  30   1 00000 01111 01111  0 ok
  0  31  -1 00000 11111 11111  1 ok
  1   1   1 10000 10000 00000  0 ok
  1   3  -1 10000 11000 01000  1 ok
  1   5  -1 10000 10100 00100  1 ok
  1   7   1 10000 11100 01100  0 ok
  1   9  -1 10000 10010 00010  1 ok
  1  11   1 10000 11010 01010  0 ok
  1  13   1 10000 10110 00110  0 ok
  1  15  -1 10000 11110 01110  1 ok
  1  17  -1 10000 10001 00001  1 ok
  1  19   1 10000 11001 01001  0 ok
  1  21   1 10000 10101 00101  0 ok
  1  23  -1 10000 11101 01101  1 ok
  1  25   1 10000 10011 00011  0 ok
  1  27  -1 10000 11011 01011  1 ok
  1  29  -1 10000 10111 00111  1 ok
  1  31   1 10000 11111 01111  0 ok
  2   2   1 01000 01000 00000  0 ok
  2   3  -1 01000 11000 10000  1 ok
  2   6  -1 01000 01100 00100  1 ok
  2   7   1 01000 11100 10100  0 ok
  2  10  -1 01000 01010 00010  1 ok
  2  11   1 01000 11010 10010  0 ok
  2  14   1 01000 01110 00110  0 ok
  2  15  -1 01000 11110 10110  1 ok
  2  18  -1 01000 01001 00001  1 ok
  2  19   1 01000 11001 10001  0 ok
  2  22   1 01000 01101 00101  0 ok
  2  23  -1 01000 11101 10101  1 ok
  2  26   1 01000 01011 00011  0 ok
  2  27  -1 01000 11011 10011  1 ok
  2  30  -1 01000 01111 00111  1 ok
  2  31   1 01000 11111 10111  0 ok
  3   3   1 11000 11000 00000  0 ok
  3   7  -1 11000 11100 00100  1 ok
  3  11  -1 11000 11010 00010  1 ok
  3  15   1 11000 11110 00110  0 ok
  3  19  -1 11000 11001 00001  1 ok
  3  23   1 11000 11101 00101  0 ok
  3  27   1 11000 11011 00011  0 ok
  3  31  -1 11000 11111 00111  1 ok
  4   4   1 00100 00100 00000  0 ok
  4   5  -1 00100 10100 10000  1 ok
  4   6  -1 00100 01100 01000  1 ok
  4   7   1 00100 11100 11000  0 ok
  4  12  -1 00100 00110 00010  1 ok
  4  13   1 00100 10110 10010  0 ok
  4  14   1 00100 01110 01010  0 ok
  4  15  -1 00100 11110 11010  1 ok
  4  20  -1 00100 00101 00001  1 ok
  4  21   1 00100 10101 10001  0 ok
  4  22   1 00100 01101 01001  0 ok
  4  23  -1 00100 11101 11001  1 ok
  4  28   1 00100 00111 00011  0 ok
  4  29  -1 00100 10111 10011  1 ok
  4  30  -1 00100 01111 01011  1 ok
  4  31   1 00100 11111 11011  0 ok
  5   5   1 10100 10100 00000  0 ok
  5   7  -1 10100 11100 01000  1 ok
  5  13  -1 10100 10110 00010  1 ok
  5  15   1 10100 11110 01010  0 ok
  5  21  -1 10100 10101 00001  1 ok
  5  23   1 10100 11101 01001  0 ok
  5  29   1 10100 10111 00011  0 ok
  5  31  -1 10100 11111 01011  1 ok
  6   6   1 01100 01100 00000  0 ok
  6   7  -1 01100 11100 10000  1 ok
  6  14  -1 01100 01110 00010  1 ok
  6  15   1 01100 11110 10010  0 ok
  6  22  -1 01100 01101 00001  1 ok
  6  23   1 01100 11101 10001  0 ok
  6  30   1 01100 01111 00011  0 ok
  6  31  -1 01100 11111 10011  1 ok
  7   7   1 11100 11100 00000  0 ok
  7  15  -1 11100 11110 00010  1 ok
  7  23  -1 11100 11101 00001  1 ok
  7  31   1 11100 11111 00011  0 ok
  8   8   1 00010 00010 00000  0 ok
  8   9  -1 00010 10010 10000  1 ok
  8  10  -1 00010 01010 01000  1 ok
  8  11   1 00010 11010 11000  0 ok
  8  12  -1 00010 00110 00100  1 ok
  8  13   1 00010 10110 10100  0 ok
  8  14   1 00010 01110 01100  0 ok
  8  15  -1 00010 11110 11100  1 ok
  8  24  -1 00010 00011 00001  1 ok
  8  25   1 00010 10011 10001  0 ok
  8  26   1 00010 01011 01001  0 ok
  8  27  -1 00010 11011 11001  1 ok
  8  28   1 00010 00111 00101  0 ok
  8  29  -1 00010 10111 10101  1 ok
  8  30  -1 00010 01111 01101  1 ok
  8  31   1 00010 11111 11101  0 ok
  9   9   1 10010 10010 00000  0 ok
  9  11  -1 10010 11010 01000  1 ok
  9  13  -1 10010 10110 00100  1 ok
  9  15   1 10010 11110 01100  0 ok
  9  25  -1 10010 10011 00001  1 ok
  9  27   1 10010 11011 01001  0 ok
  9  29   1 10010 10111 00101  0 ok
  9  31  -1 10010 11111 01101  1 ok
 10  10   1 01010 01010 00000  0 ok
 10  11  -1 01010 11010 10000  1 ok
 10  14  -1 01010 01110 00100  1 ok
 10  15   1 01010 11110 10100  0 ok
 10  26  -1 01010 01011 00001  1 ok
 10  27   1 01010 11011 10001  0 ok
 10  30   1 01010 01111 00101  0 ok
 10  31  -1 01010 11111 10101  1 ok
 11  11   1 11010 11010 00000  0 ok
 11  15  -1 11010 11110 00100  1 ok
 11  27  -1 11010 11011 00001  1 ok
 11  31   1 11010 11111 00101  0 ok
 12  12   1 00110 00110 00000  0 ok
 12  13  -1 00110 10110 10000  1 ok
 12  14  -1 00110 01110 01000  1 ok
 12  15   1 00110 11110 11000  0 ok
 12  28  -1 00110 00111 00001  1 ok
 12  29   1 00110 10111 10001  0 ok
 12  30   1 00110 01111 01001  0 ok
 12  31  -1 00110 11111 11001  1 ok
 13  13   1 10110 10110 00000  0 ok
 13  15  -1 10110 11110 01000  1 ok
 13  29  -1 10110 10111 00001  1 ok
 13  31   1 10110 11111 01001  0 ok
 14  14   1 01110 01110 00000  0 ok
 14  15  -1 01110 11110 10000  1 ok
 14  30  -1 01110 01111 00001  1 ok
 14  31   1 01110 11111 10001  0 ok
 15  15   1 11110 11110 00000  0 ok
 15  31  -1 11110 11111 00001  1 ok
 16  16   1 00001 00001 00000  0 ok
 16  17  -1 00001 10001 10000  1 ok
 16  18  -1 00001 01001 01000  1 ok
 16  19   1 00001 11001 11000  0 ok
 16  20  -1 00001 00101 00100  1 ok
 16  21   1 00001 10101 10100  0 ok
 16  22   1 00001 01101 01100  0 ok
 16  23  -1 00001 11101 11100  1 ok
 16  24  -1 00001 00011 00010  1 ok
 16  25   1 00001 10011 10010  0 ok
 16  26   1 00001 01011 01010  0 ok
 16  27  -1 00001 11011 11010  1 ok
 16  28   1 00001 00111 00110  0 ok
 16  29  -1 00001 10111 10110  1 ok
 16  30  -1 00001 01111 01110  1 ok
 16  31   1 00001 11111 11110  0 ok
 17  17   1 10001 10001 00000  0 ok
 17  19  -1 10001 11001 01000  1 ok
 17  21  -1 10001 10101 00100  1 ok
 17  23   1 10001 11101 01100  0 ok
 17  25  -1 10001 10011 00010  1 ok
 17  27   1 10001 11011 01010  0 ok
 17  29   1 10001 10111 00110  0 ok
 17  31  -1 10001 11111 01110  1 ok
 18  18   1 01001 01001 00000  0 ok
 18  19  -1 01001 11001 10000  1 ok
 18  22  -1 01001 01101 00100  1 ok
 18  23   1 01001 11101 10100  0 ok
 18  26  -1 01001 01011 00010  1 ok
 18  27   1 01001 11011 10010  0 ok
 18  30   1 01001 01111 00110  0 ok
 18  31  -1 01001 11111 10110  1 ok
 19  19   1 11001 11001 00000  0 ok
 19  23  -1 11001 11101 00100  1 ok
 19  27  -1 11001 11011 00010  1 ok
 19  31   1 11001 11111 00110  0 ok
 20  20   1 00101 00101 00000  0 ok
 20  21  -1 00101 10101 10000  1 ok
 20  22  -1 00101 01101 01000  1 ok
 20  23   1 00101 11101 11000  0 ok
 20  28  -1 00101 00111 00010  1 ok
 20  29   1 00101 10111 10010  0 ok
 20  30   1 00101 01111 01010  0 ok
 20  31  -1 00101 11111 11010  1 ok
 21  21   1 10101 10101 00000  0 ok
 21  23  -1 10101 11101 01000  1 ok
 21  29  -1 10101 10111 00010  1 ok
 21  31   1 10101 11111 01010  0 ok
 22  22   1 01101 01101 00000  0 ok
 22  23  -1 01101 11101 10000  1 ok
 22  30  -1 01101 01111 00010  1 ok
 22  31   1 01101 11111 10010  0 ok
 23  23   1 11101 11101 00000  0 ok
 23  31  -1 11101 11111 00010  1 ok
 24  24   1 00011 00011 00000  0 ok
 24  25  -1 00011 10011 10000  1 ok
 24  26  -1 00011 01011 01000  1 ok
 24  27   1 00011 11011 11000  0 ok
 24  28  -1 00011 00111 00100  1 ok
 24  29   1 00011 10111 10100  0 ok
 24  30   1 00011 01111 01100  0 ok
 24  31  -1 00011 11111 11100  1 ok
 25  25   1 10011 10011 00000  0 ok
 25  27  -1 10011 11011 01000  1 ok
 25  29  -1 10011 10111 00100  1 ok
 25  31   1 10011 11111 01100  0 ok
 26  26   1 01011 01011 00000  0 ok
 26  27  -1 01011 11011 10000  1 ok
 26  30  -1 01011 01111 00100  1 ok
 26  31   1 01011 11111 10100  0 ok
 27  27   1 11011 11011 00000  0 ok
 27  31  -1 11011 11111 00100  1 ok
 28  28   1 00111 00111 00000  0 ok
 28  29  -1 00111 10111 10000  1 ok
 28  30  -1 00111 01111 01000  1 ok
 28  31   1 00111 11111 11000  0 ok
 29  29   1 10111 10111 00000  0 ok
 29  31  -1 10111 11111 01000  1 ok
 30  30   1 01111 01111 00000  0 ok
 30  31  -1 01111 11111 10000  1 ok
 31  31   1 11111 11111 00000  0 ok
x1 = [ -4.36249 0.119191 -2.07878 1.5277 3.73514 0.974841 0.254312 -1.34791 -1.96983 3.49022 3.03669 -2.47083 -0.203579 -2.0523 -1.24289 1.62215 1.24965 -0.203979 2.3505 -0.650358 -1.24591 -0.285096 -0.171556 -0.119082 1.62026 -1.49308 -2.65629 1.57847 0.0103023 0.896072 0.765164 -0.676705 ] 
x2 = [ -4.36249 0.119191 -2.07878 1.5277 3.73514 0.974841 0.254312 -1.34791 -1.96983 3.49022 3.03669 -2.47083 -0.203579 -2.0523 -1.24289 1.62215 1.24965 -0.203979 2.3505 -0.650358 -1.24591 -0.285096 -0.171556 -0.119082 1.62026 -1.49308 -2.65629 1.57847 0.0103023 0.896072 0.765164 -0.676705 ] 
x3 = [ -4.36249 0.119191 -2.07878 1.5277 3.73514 0.974841 0.254312 -1.34791 -1.96983 3.49022 3.03669 -2.47083 -0.203579 -2.0523 -1.24289 1.62215 1.24965 -0.203979 2.3505 -0.650358 -1.24591 -0.285096 -0.171556 -0.119082 1.62026 -1.49308 -2.65629 1.57847 0.0103023 0.896072 0.765164 -0.676705 ] 
x4 = [ -4.36249 0.119191 -2.07878 1.5277 3.73514 0.974841 0.254312 -1.34791 -1.96983 3.49022 3.03669 -2.47083 -0.203579 -2.0523 -1.24289 1.62215 1.24965 -0.203979 2.3505 -0.650358 -1.24591 -0.285096 -0.171556 -0.119082 1.62026 -1.49308 -2.65629 1.57847 0.0103023 0.896072 0.765164 -0.676705 ] 
x5 = [ -4.36249 0.119191 -2.07878 1.5277 3.73514 0.974841 0.254312 -1.34791 -1.96983 3.49022 3.03669 -2.47083 -0.203579 -2.0523 -1.24289 1.62215 1.24965 -0.203979 2.3505 -0.650358 -1.24591 -0.285096 -0.171556 -0.119082 1.62026 -1.49308 -2.65629 1.57847 0.0103023 0.896072 0.765164 -0.676705 ] 
z = 5
n = 32
x1 == x2 == x3 == x4 == x5
runtime matrix  mult: 0.008 [ms]
        special a   : 0.01 [ms]
        special b   : 0.008 [ms]
        special c   : 0.006 [ms]
        special rec : 0.004 [ms]
              factor: 2
test gamma2beta:
m1: standard procedure convertGamma2Beta
m2: recursive convertGamma2BetaRec
C (32x32): 
  1   1   1   1   1   1   1   1   1   1   1   1   1   1   1   1   1   1   1   1   1   1   1   1   1   1   1   1   1   1   1   1 
  0   1   0   1   0   1   0   1   0   1   0   1   0   1   0   1   0   1   0   1   0   1   0   1   0   1   0   1   0   1   0   1 
  0   0   1   1   0   0   1   1   0   0   1   1   0   0   1   1   0   0   1   1   0   0   1   1   0   0   1   1   0   0   1   1 
  0   0   0   1   0   0   0   1   0   0   0   1   0   0   0   1   0   0   0   1   0   0   0   1   0   0   0   1   0   0   0   1 
  0   0   0   0   1   1   1   1   0   0   0   0   1   1   1   1   0   0   0   0   1   1   1   1   0   0   0   0   1   1   1   1 
  0   0   0   0   0   1   0   1   0   0   0   0   0   1   0   1   0   0   0   0   0   1   0   1   0   0   0   0   0   1   0   1 
  0   0   0   0   0   0   1   1   0   0   0   0   0   0   1   1   0   0   0   0   0   0   1   1   0   0   0   0   0   0   1   1 
  0   0   0   0   0   0   0   1   0   0   0   0   0   0   0   1   0   0   0   0   0   0   0   1   0   0   0   0   0   0   0   1 
  0   0   0   0   0   0   0   0   1   1   1   1   1   1   1   1   0   0   0   0   0   0   0   0   1   1   1   1   1   1   1   1 
  0   0   0   0   0   0   0   0   0   1   0   1   0   1   0   1   0   0   0   0   0   0   0   0   0   1   0   1   0   1   0   1 
  0   0   0   0   0   0   0   0   0   0   1   1   0   0   1   1   0   0   0   0   0   0   0   0   0   0   1   1   0   0   1   1 
  0   0   0   0   0   0   0   0   0   0   0   1   0   0   0   1   0   0   0   0   0   0   0   0   0   0   0   1   0   0   0   1 
  0   0   0   0   0   0   0   0   0   0   0   0   1   1   1   1   0   0   0   0   0   0   0   0   0   0   0   0   1   1   1   1 
  0   0   0   0   0   0   0   0   0   0   0   0   0   1   0   1   0   0   0   0   0   0   0   0   0   0   0   0   0   1   0   1 
  0   0   0   0   0   0   0   0   0   0   0   0   0   0   1   1   0   0   0   0   0   0   0   0   0   0   0   0   0   0   1   1 
  0   0   0   0   0   0   0   0   0   0   0   0   0   0   0   1   0   0   0   0   0   0   0   0   0   0   0   0   0   0   0   1 
  0   0   0   0   0   0   0   0   0   0   0   0   0   0   0   0   1   1   1   1   1   1   1   1   1   1   1   1   1   1   1   1 
  0   0   0   0   0   0   0   0   0   0   0   0   0   0   0   0   0   1   0   1   0   1   0   1   0   1   0   1   0   1   0   1 
  0   0   0   0   0   0   0   0   0   0   0   0   0   0   0   0   0   0   1   1   0   0   1   1   0   0   1   1   0   0   1   1 
  0   0   0   0   0   0   0   0   0   0   0   0   0   0   0   0   0   0   0   1   0   0   0   1   0   0   0   1   0   0   0   1 
  0   0   0   0   0   0   0   0   0   0   0   0   0   0   0   0   0   0   0   0   1   1   1   1   0   0   0   0   1   1   1   1 
  0   0   0   0   0   0   0   0   0   0   0   0   0   0   0   0   0   0   0   0   0   1   0   1   0   0   0   0   0   1   0   1 
  0   0   0   0   0   0   0   0   0   0   0   0   0   0   0   0   0   0   0   0   0   0   1   1   0   0   0   0   0   0   1   1 
  0   0   0   0   0   0   0   0   0   0   0   0   0   0   0   0   0   0   0   0   0   0   0   1   0   0   0   0   0   0   0   1 
  0   0   0   0   0   0   0   0   0   0   0   0   0   0   0   0   0   0   0   0   0   0   0   0   1   1   1   1   1   1   1   1 
  0   0   0   0   0   0   0   0   0   0   0   0   0   0   0   0   0   0   0   0   0   0   0   0   0   1   0   1   0   1   0   1 
  0   0   0   0   0   0   0   0   0   0   0   0   0   0   0   0   0   0   0   0   0   0   0   0   0   0   1   1   0   0   1   1 
  0   0   0   0   0   0   0   0   0   0   0   0   0   0   0   0   0   0   0   0   0   0   0   0   0   0   0   1   0   0   0   1 
  0   0   0   0   0   0   0   0   0   0   0   0   0   0   0   0   0   0   0   0   0   0   0   0   0   0   0   0   1   1   1   1 
  0   0   0   0   0   0   0   0   0   0   0   0   0   0   0   0   0   0   0   0   0   0   0   0   0   0   0   0   0   1   0   1 
  0   0   0   0   0   0   0   0   0   0   0   0   0   0   0   0   0   0   0   0   0   0   0   0   0   0   0   0   0   0   1   1 
  0   0   0   0   0   0   0   0   0   0   0   0   0   0   0   0   0   0   0   0   0   0   0   0   0   0   0   0   0   0   0   1 

b1 == b2
  m1 = 0.005 [ms]
  m2 = 0.003 [ms]
m1/2 = 1.66667
b1 = [ -0.497841 -0.507976 -1.95341 -0.498004 -2.5762 -2.21286 -1.61112 -1.0486 2.36454 2.43092 0.746153 1.22359 0.946551 0.277325 0.824917 0.26874 -0.55525 -1.05286 -1.12136 -0.438409 -1.38364 -1.43794 -1.58621 -1.47249 0.887284 0.749177 -0.675851 0.225057 0.625953 -0.457339 -0.588247 -0.676705 ] 
b2 = [ -0.497841 -0.507976 -1.95341 -0.498004 -2.5762 -2.21286 -1.61112 -1.0486 2.36454 2.43092 0.746153 1.22359 0.946551 0.277325 0.824917 0.26874 -0.55525 -1.05286 -1.12136 -0.438409 -1.38364 -1.43794 -1.58621 -1.47249 0.887284 0.749177 -0.675851 0.225057 0.625953 -0.457339 -0.588247 -0.676705 ] 
\gamma_{0} & \gamma_{1} & \gamma_{2} & \gamma_{3} & \gamma_{4} & \gamma_{5} & \gamma_{6} & \gamma_{7} &=& \beta_{0} \\
           & \gamma_{1} &            & \gamma_{3} &            & \gamma_{5} &            & \gamma_{7} &=& \beta_{1} \\
           &            & \gamma_{2} & \gamma_{3} &            &            & \gamma_{6} & \gamma_{7} &=& \beta_{2} \\
           &            &            & \gamma_{3} &            &            &            & \gamma_{7} &=& \beta_{3} \\
           &            &            &            & \gamma_{4} & \gamma_{5} & \gamma_{6} & \gamma_{7} &=& \beta_{4} \\
           &            &            &            &            & \gamma_{5} &            & \gamma_{7} &=& \beta_{5} \\
           &            &            &            &            &            & \gamma_{6} & \gamma_{7} &=& \beta_{6} \\
           &            &            &            &            &            &            & \gamma_{7} &=& \beta_{7} \\
#add-op
 1             1             1             1             1
 2             5             4             4           1.3
 3            19            12            12           1.6
 4            65            32            32             2
 5           211            80            80           2.6
 6           665           192           192           3.5
 7          2059           448           448           4.6
 8          6305          1024          1024           6.2
 9         19171          2304          2304           8.3
10         58025          5120          5120          11.3
11        175099         11264         11264          15.5
12        527345         24576         24576          21.5
13       1586131         53248         53248          29.8
14       4766585        114688        114688          41.6
15      14316139        245760        245760          58.3
16      42981185        524288        524288            82
17     129009091       1114112       1114112         115.8
18     387158345       2359296       2359296         164.1
19    1161737179       4980736       4980736         233.2
20    3485735825      10485760      10485760         332.4
