consistent:
A = 
 -1   0   0   0   0   0   1   0   0   0   1   0   1   0   2   0  30 
  0   1   0   0   0   0   1   0   0   0   1   0   0  -1   2   0  15 
  0   0   1   0   0   0   1   0   0   0   1   0   0   0   1   0  20 
  0   0   0   1   0   0  -1   0   0   0  -1   0   1   1  -1   0   3 
  0   0   0   0   1   0   1   0   0   0   0   0   1   0   1   0  18 
  0   0   0   0   0   1  -1   0   0   0   0   0   0   1  -1   0   8 
  0   0   0   0   0   0  -1  -1   0   0   0   0   1   1   0   0   3 
  0   0   0   0   0   0   0   0   1   0   1   0   1   0   1   0  18 
  0   0   0   0   0   0   0   0   0   1  -1   0   0   1  -1   0   0 
  0   0   0   0   0   0   0   0   0   0   1   1  -1  -1   0   0   7 
  0   0   0   0   0   0   0   0   0   0   0   0   1   1   1   1  19 

A = 
 -1   0   0   0   0  -1   3   1   0   0   1   0  -1  -3   2  -1   0 
  0   1   0   0   0  -1   3   1  -1   0   2   2  -4  -5   2   0   0 
  0   0   1   0   0  -1   2   0   0   0   2   1  -2  -3   1  -1   0 
  0   0   0   1   0   0   0   1   0   0  -1   0   0   0  -1   0   0 
  0   0   0   0   1   0   1   0  -1   0  -1   0   0   0   0   0   0 
  0   0   0   0   0   1  -1   0   0   0  -1  -1   1   2  -1   0   1 
  0   0   0   0   0   0  -1  -1   0   0   0   0   1   1   0   0   3 
  0   0   0   0   0   0   0   0   1   0  -1  -2   3   2   1   0   4 
  0   0   0   0   0   0   0   0   0   1  -1   0   0   1  -1   0   0 
  0   0   0   0   0   0   0   0   0   0   1   1  -1  -1   0   0   7 
  0   0   0   0   0   0   0   0   0   0   0   0   1   1   1   1  19 

zero line =  
 -1   1   1   1   1  -3   9   3  -2   1   2   3  -7 -10   3  -2   0


inconsistent:
A = 
 -1   0   0   0   0   0   1   0   0   0   1   0   1   0   2   0  34      *
  0   1   0   0   0   0   1   0   0   0   1   0   0  -1   2   0  16      *
  0   0   1   0   0   0   1   0   0   0   1   0   0   0   1   0  21      *
  0   0   0   1   0   0  -1   0   0   0  -1   0   1   1  -1   0   3 
  0   0   0   0   1   0   1   0   0   0   0   0   1   0   1   0  19      *
  0   0   0   0   0   1  -1   0   0   0   0   0   0   1  -1   0   8 
  0   0   0   0   0   0  -1  -1   0   0   0   0   1   1   0   0   3 
  0   0   0   0   0   0   0   0   1   0   1   0   1   0   1   0  19      *
  0   0   0   0   0   0   0   0   0   1  -1   0   0   1  -1   0   0 
  0   0   0   0   0   0   0   0   0   0   1   1  -1  -1   0   0   7 
  0   0   0   0   0   0   0   0   0   0   0   0   1   1   1   1  19 

A = 
 -1   0  -1   0   0   0   2   2   0   0  -1  -1   0  -1   1   0   0 
  0   1  -1   0   0  -1   3   2   0   0   0   0  -1  -3   3   1   0 
  0   0   1   0   0  -2   3   0   0   0   3   2  -3  -5   2  -1   0 
  0   0   0   1   0   0   0   1   0   0  -1   0   0   0  -1   0   0 
  0   0   0   0   1   0   1   0   0   0   0   0   0  -1   0  -1   0 
  0   0   0   0   0   1  -1   0   0   0  -1  -1   1   2  -1   0   1 
  0   0   0   0   0   0  -1  -1   0   0   0   0   1   1   0   0   3 
  0   0   0   0   0   0   0   0   1   0   1   0   0  -1   0  -1   0 
  0   0   0   0   0   0   0   0   0   1  -1   0   0   1  -1   0   0 
  0   0   0   0   0   0   0   0   0   0   1   1  -1  -1   0   0   7 
  0   0   0   0   0   0   0   0   0   0   0   0   1   1   1   1  19 

zero line =  
 -1   1  -1   1   1  -3   9   5   1   1   1   1  -4 -10   4  -2   0

zerolines: 
consistent:
 -1   1   1   1   1  -3   9   3  -2   1   2   3  -7 -10   3  -2   0
inconsistent:
 -1   1  -1   1   1  -3   9   5   1   1   1   1  -4 -10   4  -2   0

