
===============================================
| Atx (A max entropy design matrix, x vector) |
| runtimes of functions in milliseconds [ms]  |
| compiler: gcc                     src=5     |
===============================================
bf   kind      runtime        error 
10    MxA     0.037460     0.000000 
10   MxAt     0.045654     0.000000 
10  MxAtX     0.017472     0.000000 
10 MxAt01     0.042032     0.000000 
10   IdxA     0.010634     0.000000 
10  IdxAt     0.010060     0.000000 
10 BitAt4     0.007452     0.000000 
10 BitAt5     0.005914     0.000000 
10 BitAt8     0.004068     0.000000 
#bf        MxA        MxAt       MxAtX      MxAt01        IdxA       IdxAt      BitAt4      BitAt5      BitAt8  
  3   0.000028    0.000028    0.000030    0.000039    0.000021    0.000015*   0.000016    0.000024    0.000059 
  4   0.000093    0.000095    0.000066    0.000122    0.000051    0.000040    0.000034    0.000032*   0.000112 
  5   0.000272    0.000266    0.000161    0.000384    0.000132    0.000100    0.000078    0.000076*   0.000130 
  6   0.000750    0.000868    0.000396    0.001320    0.000354    0.000259    0.000241    0.000220*   0.000238 
  7   0.002061    0.002003    0.001123    0.003418    0.000871    0.000654    0.000509    0.000459*   0.000469 
  8   0.005451    0.005407    0.002915    0.008123    0.002053    0.001647    0.001240    0.001141    0.000917*
  9   0.015423    0.014861    0.008053    0.018644    0.004650    0.004043    0.003238    0.002478    0.001897*
 10   0.037442    0.045268    0.017456    0.043254    0.012636    0.010186    0.007480    0.005898    0.004060*
 11   0.090620    0.108240    0.042060    0.096260    0.024660    0.026400    0.018020    0.014900    0.010000*
 12   0.217480    0.259040    0.107660    0.219280    0.059180    0.066540    0.043180    0.034600    0.022360*
 13   0.516860    0.692340    0.251320    0.520000    0.138100    0.160400    0.098600    0.081840    0.052720*
 14   1.268240    6.230940    0.761080    1.305300    0.321160    0.369940    0.231700    0.181480    0.122500*
 15   2.860240   14.513320    2.520480    2.894680    0.762080    1.217740    0.525040    0.422800    0.266480*
 16   6.967040   40.814480    6.038160    7.151500    1.926500    3.771760    1.294660    1.042400    0.611320*


===============================================
| Atx (A max entropy design matrix, x vector) |
| runtimes of functions in milliseconds [ms]  |
| compiler: icc                     src=5     |
===============================================
bf   kind      runtime        error 
10    MxA     0.043258     0.000000 
10   MxAt     0.042072     0.000000 
10  MxAtX     0.026742     0.000000 
10 MxAt01     0.043064     0.000000 
10   IdxA     0.008778     0.000000 
10  IdxAt     0.008680     0.000000 
10 BitAt4     0.007918     0.000000 
10 BitAt5     0.006062     0.000000 
10 BitAt8     0.004384     0.000000 
#bf        MxA        MxAt       MxAtX      MxAt01        IdxA       IdxAt      BitAt4      BitAt5      BitAt8  
  3   0.000035    0.000027    0.000030    0.000034    0.000021*   0.000021    0.000024    0.000033    0.000087 
  4   0.000124    0.000091    0.000091    0.000107    0.000045    0.000049    0.000045    0.000040*   0.000177 
  5   0.000365    0.000259    0.000254    0.000317    0.000103    0.000108    0.000099    0.000082*   0.000195 
  6   0.001016    0.001056    0.000692    0.000915    0.000251    0.000264    0.000271    0.000226*   0.000358 
  7   0.002704    0.001963    0.001866    0.002542    0.000599    0.000609    0.000580    0.000512*   0.000608 
  8   0.006924    0.006566    0.004531    0.006343    0.001603    0.001454    0.001353    0.001212    0.001100*
  9   0.019109    0.016288    0.011590    0.016721    0.003712    0.003930    0.003530    0.002554    0.002171*
 10   0.043606    0.042124    0.026628    0.041192    0.008650    0.008628    0.007962    0.006116    0.004404*
 11   0.095960    0.101380    0.063520    0.079840    0.020560    0.022980    0.018820    0.015340    0.010520*
 12   0.219020    0.243460    0.153680    0.230020    0.053300    0.057960    0.044800    0.035580    0.023120*
 13   0.514860    0.598700    0.356040    0.437440    0.124800    0.135740    0.102620    0.083660    0.054360*
 14   1.277840    5.323900    0.983740    1.125660    0.291220    0.311440    0.242020    0.184460    0.126000*
 15   2.915760   12.373540    2.738960    2.618080    0.701520    0.921500    0.545580    0.425960    0.269140*
 16   6.610880   35.552040    6.330420    5.983020    1.817420    3.462360    1.289820    1.004300    0.607540*


==============================================
| Ax (A max entropy design matrix, x vector) |
| runtimes of functions in milliseconds [ms] |
| compiler: gcc                     src=6    |
==============================================
bf   kind      runtime        error 
10    MxA     0.042112     0.000000 
10  MxAXF     0.044248     0.000000 
10   IdxA     0.011988     0.000000 
10  IdxAt     0.012700     0.000000 
10  BitA4     0.008988     0.000000 
10  BitA8     0.009480     0.000000 
#bf        MxA       MxAXF        IdxA       IdxAt       BitA4       BitA8  
  3   0.000029    0.000030    0.000015*   0.000020    0.000016    0.000052 
  4   0.000091    0.000098    0.000037    0.000051    0.000036*   0.000106 
  5   0.000275    0.000269    0.000093*   0.000131    0.000093    0.000214 
  6   0.000886    0.000759    0.000255    0.000331    0.000225*   0.000449 
  7   0.002525    0.001976    0.000650    0.000835    0.000561*   0.000950 
  8   0.006706    0.005870    0.001772    0.002074    0.001391*   0.002100 
  9   0.017042    0.015761    0.004794    0.005089    0.003856*   0.004494 
 10   0.042052    0.044206    0.011982    0.012776    0.008992*   0.009342 
 11   0.101400    0.104940    0.029320    0.033000    0.020780    0.020000*
 12   0.240020    0.246540    0.069340    0.082140    0.048120    0.043200*
 13   0.562200    0.787880    0.160680    0.198260    0.109700    0.093060*
 14   1.352580    6.360860    0.369340    0.442400    0.248480    0.209420*
 15   3.058900   15.140500    0.837880    1.503520    0.565600    0.449460*
 16   6.865560   40.341080    1.914140    4.618900    1.302620    0.968620*


==============================================
| Ax (A max entropy design matrix, x vector) |
| runtimes of functions in milliseconds [ms] |
| compiler: icc                     src=6    |
==============================================
bf   kind      runtime        error 
10    MxA     0.042574     0.000000 
10  MxAXF     0.047670     0.000000 
10   IdxA     0.005226     0.000000 
10  IdxAt     0.011676     0.000000 
10  BitA4     0.010052     0.000000 
10  BitA8     0.013698     0.000000 
#bf        MxA       MxAXF        IdxA       IdxAt       BitA4       BitA8  
  3   0.000035    0.000040    0.000016*   0.000022    0.000025    0.000086 
  4   0.000121    0.000130    0.000035*   0.000049    0.000053    0.000173 
  5   0.000360    0.000375    0.000077*   0.000129    0.000118    0.000348 
  6   0.001027    0.001037    0.000166*   0.000336    0.000291    0.000728 
  7   0.002526    0.002747    0.000378*   0.000766    0.000733    0.001498 
  8   0.006712    0.006999    0.000900*   0.001959    0.001745    0.003118 
  9   0.017069    0.019243    0.002241*   0.004751    0.004197    0.006529 
 10   0.042058    0.047390    0.005228*   0.011750    0.010044    0.013698 
 11   0.101400    0.114820    0.012440*   0.029760    0.023680    0.028860 
 12   0.240080    0.265400    0.037300*   0.072920    0.057200    0.063140 
 13   0.560780    0.660640    0.093700*   0.172260    0.131820    0.133040 
 14   1.360420    6.419780    0.220280*   0.387460    0.289440    0.279840 
 15   3.000280   15.337880    0.551100*   1.278140    0.644520    0.595480 
 16   6.927820   41.634260    1.348900    4.242220    1.499120    1.257320*


553/infra> ./main_multmatvec6 
==============================================
| Ax (A max entropy design matrix, x vector) |
| runtimes of functions in milliseconds [ms] |
| compiler: icc                     src=6    |
==============================================
bf   kind      runtime        error 
10    MxA     0.042051     0.000000 
10  MxAXF     0.043803     0.000000 
10   IdxA     0.005221     0.000000 
10  IdxAt     0.011590     0.000000 
10  BitA4     0.009210     0.000000 
10  BitA8     0.013712     0.000000 
10  SseA4     0.009147     0.000000 
10  AvxA4     0.012162     0.000000 
#bf        MxA       MxAXF        IdxA       IdxAt       BitA4       BitA8       SseA4       AvxA4  
  3   0.000028    0.000032    0.000021*   0.000022    0.000026    0.000087    0.000032    0.000042 
  4   0.000093    0.000097    0.000035*   0.000050    0.000050    0.000175    0.000068    0.000090 
  5   0.000269    0.000270    0.000077*   0.000132    0.000121    0.000349    0.000144    0.000194 
  6   0.000898    0.001005    0.000167*   0.000314    0.000293    0.000725    0.000331    0.000448 
  7   0.002505    0.001985    0.000387*   0.000770    0.000696    0.001498    0.000762    0.001008 
  8   0.006686    0.006149    0.000895*   0.002086    0.001647    0.003117    0.001748    0.002333 
  9   0.017022    0.015514    0.002214*   0.004773    0.003918    0.006514    0.003992    0.005358 
 10   0.042135    0.043990    0.005216*   0.011584    0.010141    0.013715    0.009137    0.012171 
 11   0.101355    0.103812    0.012476*   0.029521    0.021238    0.029463    0.021321    0.027823 
 12   0.239973    0.233966    0.037449*   0.072061    0.051740    0.062970    0.051802    0.062785 
 13   0.560578    0.564250    0.093381*   0.166594    0.118552    0.132136    0.119787    0.143012 
 14   1.366875    6.016094    0.218738*   0.375691    0.267619    0.281850    0.269003    0.317625 
 15   3.077313   15.459188    0.542656*   1.174431    0.609369    0.596306    0.604581    0.710950 
 16   6.890500   35.298625    1.346938    4.134125    1.371913    1.256487*   1.425400    1.613913 


==============================================
| Ax (A max entropy design matrix, x vector) |
| runtimes of functions in milliseconds [ms] |
| compiler: gcc                     src=6    |
==============================================
bf   kind      runtime        error 
10    MxA     0.042071     0.000000 
10  MxAXF     0.044311     0.000000 
10   IdxA     0.012153     0.000000 
10  IdxAt     0.014142     0.000000 
10  BitA4     0.009001     0.000000 
10  BitA8     0.007672     0.000000 
10  SseA4     0.009327     0.000000 
10  AvxA4     0.010733     0.000000 
#bf        MxA       MxAXF        IdxA       IdxAt       BitA4       BitA8       SseA4       AvxA4  
  3   0.000030    0.000032    0.000015    0.000021    0.000015*   0.000037    0.000025    0.000040 
  4   0.000092    0.000096    0.000037*   0.000054    0.000037    0.000074    0.000053    0.000084 
  5   0.000277    0.000270    0.000093*   0.000142    0.000095    0.000154    0.000122    0.000182 
  6   0.000882    0.000861    0.000265    0.000415    0.000225*   0.000353    0.000283    0.000409 
  7   0.002521    0.001990    0.000664    0.000931    0.000559*   0.000751    0.000653    0.000909 
  8   0.006699    0.005304    0.001840    0.002339    0.001367*   0.001596    0.001527    0.002082 
  9   0.017038    0.015648    0.004920    0.005728    0.003853    0.003522*   0.003988    0.004739 
 10   0.042043    0.044463    0.012165    0.014198    0.008990    0.007667*   0.009231    0.010735 
 11   0.101556    0.104697    0.029538    0.034853    0.020845    0.017135*   0.021187    0.025024 
 12   0.240021    0.246034    0.069677    0.085942    0.048932    0.037158*   0.048536    0.055771 
 13   0.563359    0.720703    0.160798    0.201511    0.109556    0.082219*   0.111817    0.127408 
 14   1.369469    6.252031    0.368044    0.457656    0.247691    0.187172*   0.252025    0.285909 
 15   2.998875   16.559625    0.838781    1.385769    0.560038    0.409488*   0.564137    0.639844 
 16   7.060625   38.234750    1.921437    4.645262    1.286475    0.894388*   1.301150    1.485150 

