             23          9          7  1.2105263158  1.2105263158  1.2105263158      4   1.2757159556  1.2757159556   1.2757159556   1.1163201645
             29         10          9  1.2608695652  1.2105263158  1.2608695652      6   1.7818452262  1.2757159556   1.7818452262   1.4676143260
            127         31         26  1.1238938053  1.0186915888  1.2608695652     14   2.8900617895  0.4263167111   2.8900617895   1.8317273651
            907        155        133  1.0225479143  1.0022701476  1.2608695652     20   2.9367961311  0.2948406483   2.9367961311   1.5308466286
           1151        190        163  1.0194862710  1.0018331806  1.2608695652     22   3.1212817692  0.2858497994   3.1212817692   1.5983632872
           1361        218        189  1.0256217031  1.0015163002  1.2608695652     34   4.7117679853  0.2783133646   4.7117679853   2.3841392390
          19661       2226       1989  1.0026518435  1.0001023489  1.2608695652     52   5.2597548881  0.2024215191   5.2597548881   2.2956740311
          31469       3386       3038  1.0022932127  1.0000637125  1.2608695652     72   6.9519823209  0.1931557162   6.9519823209   2.9739328894
         156007      14358      13047  1.0005515614  1.0000128295  1.2608695652     86   7.1920449017  0.1672670837   7.1920449017   2.8984149130
         360749      30803      28192  1.0002661838  1.0000055477  1.2608695652     96   7.5023810068  0.1563076659   7.5023810068   2.9431169136
         370373      31546      28885  1.0003024893  1.0000054060  1.2608695652    112   8.7348056112  0.1559922122   8.7348056112   3.4238253344
        1357333     104072      96121  1.0000972590  1.0000014738  1.2608695652    132   9.3477585185  0.1416347002   9.3477585185   3.5305664889
        2010881     149690     138547  1.0000736050  1.0000009947  1.2608695652    148  10.1969924644  0.1377986025  10.1969924644   3.8117895825
       17051887    1094422    1024028  1.0000105561  1.0000001173  1.2608695652    180  10.8096607473  0.1201074584  10.8096607473   3.8434122436
       20831533    1319946    1236148  1.0000100810  1.0000000960  1.2608695652    210  12.4614448783  0.1186805167  12.4614448783   4.4119616868
      191913031   10655463   10062262  1.0000012923  1.0000000104  1.2608695652    248  13.0029787711  0.1048627418  13.0029787711   4.4104053394
      436273291   23163299   21930136  1.0000006464  1.0000000046  1.2608695652    282  14.1752853522  0.1005339430  14.1752853522   4.7402527219
     2300942869  112228684  106739676  1.0000001391  1.0000000009  1.2608695652    320  14.8446520025  0.0927790759  14.8446520025   4.8343186438
     3842611109  182837805  174114746  1.0000000874  1.0000000005  1.2608695652    336  15.2246878817  0.0906231425  15.2246878817   4.9204069154
