test6a: consistent example:
sum_sum:
   pat =   0   1   2   3   4   5   6   8   9  10  12
   val =  75  49  46  26  42  24  16  44  26  26  19

after init:
A = 
  1   1   1   1   1   1   1   1   1   1   1   1   1   1   1   1  75   // 91
  0   1   0   1   0   1   0   1   0   1   0   1   0   1   0   1  49   // 57
  0   0   1   1   0   0   1   1   0   0   1   1   0   0   1   1  46   // 54
  0   0   0   1   0   0   0   1   0   0   0   1   0   0   0   1  26   // 30
  0   0   0   0   1   1   1   1   0   0   0   0   1   1   1   1  42   // 50
  0   0   0   0   0   1   0   1   0   0   0   0   0   1   0   1  24   // 28
  0   0   0   0   0   0   1   1   0   0   0   0   0   0   1   1  16   // 20
  0   0   0   0   0   0   0   0   1   1   1   1   1   1   1   1  44   // 52
  0   0   0   0   0   0   0   0   0   1   0   1   0   1   0   1  26   // 30
  0   0   0   0   0   0   0   0   0   0   1   1   0   0   1   1  26   // 30
  0   0   0   0   0   0   0   0   0   0   0   0   1   1   1   1  19   // 23
---
  1   2   2   4   2   4   4   7   2   4   4   7   4   7   7  11 393 

after phase I:
A = 
 -1   0   0   0   0   0   1   0   0   0   1   0   1   0   2   0  30   // 34
  0   1   0   0   0   0   1   0   0   0   1   0   0  -1   2   0  15   // 19
  0   0   1   0   0   0   1   0   0   0   1   0   0   0   1   0  20   // 24
  0   0   0   1   0   0  -1   0   0   0  -1   0   1   1  -1   0   3   // 3
  0   0   0   0   1   0   1   0   0   0   0   0   1   0   1   0  18   // 22
  0   0   0   0   0   1  -1   0   0   0   0   0   0   1  -1   0   8   // 8
  0   0   0   0   0   0  -1  -1   0   0   0   0   1   1   0   0   3   // 3
  0   0   0   0   0   0   0   0   1   0   1   0   1   0   1   0  18   // 22
  0   0   0   0   0   0   0   0   0   1  -1   0   0   1  -1   0   0   // 0
  0   0   0   0   0   0   0   0   0   0   1   1  -1  -1   0   0   7   // 7
  0   0   0   0   0   0   0   0   0   0   0   0   1   1   1   1  19   // 23
---
 -1   1   1   1   1   1   1  -1   1   1   3   1   5   3   5   1 141 

after phase II:
A = 
 -1   0   0   0   0  -1   3   1   0   0   1   0  -1  -3   2  -1   0   // 0
  0   1   0   0   0  -1   3   1  -1   0   2   2  -4  -5   2   0   0   // 0
  0   0   1   0   0  -1   2   0   0   0   2   1  -2  -3   1  -1   0   // 0
  0   0   0   1   0   0   0   1   0   0  -1   0   0   0  -1   0   0   // 0
  0   0   0   0   1   0   1   0  -1   0  -1   0   0   0   0   0   0   // 0
  0   0   0   0   0   1  -1   0   0   0  -1  -1   1   2  -1   0   1   // 1
  0   0   0   0   0   0  -1  -1   0   0   0   0   1   1   0   0   3   // 3
  0   0   0   0   0   0   0   0   1   0  -1  -2   3   2   1   0   4   // 8
  0   0   0   0   0   0   0   0   0   1  -1   0   0   1  -1   0   0   // 0
  0   0   0   0   0   0   0   0   0   0   1   1  -1  -1   0   0   7   // 7
  0   0   0   0   0   0   0   0   0   0   0   0   1   1   1   1  19   // 23
---
 -1   1   1   1   1  -2   7   2  -1   1   1   1  -2  -5   4  -1  34 

count = 3
after sign correction
A = 
  1   0   0   0   0   1  -3  -1   0   0  -1   0   1   3  -2   1   0   // 0
  0   1   0   0   0  -1   3   1  -1   0   2   2  -4  -5   2   0   0   // 0
  0   0   1   0   0  -1   2   0   0   0   2   1  -2  -3   1  -1   0   // 0
  0   0   0   1   0   0   0   1   0   0  -1   0   0   0  -1   0   0   // 0
  0   0   0   0   1   0   1   0  -1   0  -1   0   0   0   0   0   0   // 0
  0   0   0   0   0   1  -1   0   0   0  -1  -1   1   2  -1   0   1   // 1
  0   0   0   0   0   0  -1  -1   0   0   0   0   1   1   0   0   3   // 3
  0   0   0   0   0   0   0   0   1   0  -1  -2   3   2   1   0   4   // 8
  0   0   0   0   0   0   0   0   0   1  -1   0   0   1  -1   0   0   // 0
  0   0   0   0   0   0   0   0   0   0   1   1  -1  -1   0   0   7   // 7
  0   0   0   0   0   0   0   0   0   0   0   0   1   1   1   1  19   // 23
---
  1   1   1   1   1   0   1   0  -1   1  -1   1   0   1   0   1  34 

   x_0  + x_5  - 3 x_6  -   x_7  -   x_10 +   x_12 + 3 x_13 - 2 x_14 +   x_15 = 0
   x_1  - x_5  + 3 x_6  +   x_7  -   x_8  + 2 x_10 + 2 x_11 - 4 x_12 - 5 x_13 
                                                                     + 2 x_14 = 0
   x_2  - x_5  + 2 x_6  + 2 x_10 +   x_11 - 2 x_12 - 3 x_13 +   x_14 -   x_15 = 0
   x_3  + x_7  -   x_10 -   x_14 = 0
   x_4  + x_6  -   x_8  -   x_10 = 0
   x_5  - x_6  -   x_10 -   x_11 +   x_12 + 2 x_13 -  x_14 = 1
 - x_6  - x_7  +   x_12 +   x_13 = 3
   x_8  - x_10 - 2 x_11 + 3 x_12 + 2 x_13 +   x_14 = 4
   x_9  - x_10 +   x_13 -   x_14 = 0
   x_10 + x_11 -   x_12 -   x_13 = 7
   x_12 + x_13 +   x_14 +   x_15 = 19
test6b: inconsistent example:
sum_sum:
   pat =   0   1   2   3   4   5   6   8   9  10  12
   val =  75  50  47  26  43  24  16  45  26  26  19

after init:
A = 
  1   1   1   1   1   1   1   1   1   1   1   1   1   1   1   1  75   // 91
  0   1   0   1   0   1   0   1   0   1   0   1   0   1   0   1  50   // 58
  0   0   1   1   0   0   1   1   0   0   1   1   0   0   1   1  47   // 55
  0   0   0   1   0   0   0   1   0   0   0   1   0   0   0   1  26   // 30
  0   0   0   0   1   1   1   1   0   0   0   0   1   1   1   1  43   // 51
  0   0   0   0   0   1   0   1   0   0   0   0   0   1   0   1  24   // 28
  0   0   0   0   0   0   1   1   0   0   0   0   0   0   1   1  16   // 20
  0   0   0   0   0   0   0   0   1   1   1   1   1   1   1   1  45   // 53
  0   0   0   0   0   0   0   0   0   1   0   1   0   1   0   1  26   // 30
  0   0   0   0   0   0   0   0   0   0   1   1   0   0   1   1  26   // 30
  0   0   0   0   0   0   0   0   0   0   0   0   1   1   1   1  19   // 23
---
  1   2   2   4   2   4   4   7   2   4   4   7   4   7   7  11 397 

after phase I:
A = 
 -1   0   0   0   0   0   1   0   0   0   1   0   1   0   2   0  34   // 38
  0   1   0   0   0   0   1   0   0   0   1   0   0  -1   2   0  16   // 20
  0   0   1   0   0   0   1   0   0   0   1   0   0   0   1   0  21   // 25
  0   0   0   1   0   0  -1   0   0   0  -1   0   1   1  -1   0   3   // 3
  0   0   0   0   1   0   1   0   0   0   0   0   1   0   1   0  19   // 23
  0   0   0   0   0   1  -1   0   0   0   0   0   0   1  -1   0   8   // 8
  0   0   0   0   0   0  -1  -1   0   0   0   0   1   1   0   0   3   // 3
  0   0   0   0   0   0   0   0   1   0   1   0   1   0   1   0  19   // 23
  0   0   0   0   0   0   0   0   0   1  -1   0   0   1  -1   0   0   // 0
  0   0   0   0   0   0   0   0   0   0   1   1  -1  -1   0   0   7   // 7
  0   0   0   0   0   0   0   0   0   0   0   0   1   1   1   1  19   // 23
---
 -1   1   1   1   1   1   1  -1   1   1   3   1   5   3   5   1 149 

after phase II:
A = 
 -1   0  -1   0   0   0   2   2   0   0  -1  -1   0  -1   1   0   0   // 0
  0   1  -1   0   0  -1   3   2   0   0   0   0  -1  -3   3   1   0   // 4
  0   0   1   0   0  -2   3   0   0   0   3   2  -3  -5   2  -1   0   // 0
  0   0   0   1   0   0   0   1   0   0  -1   0   0   0  -1   0   0   // 0
  0   0   0   0   1   0   1   0   0   0   0   0   0  -1   0  -1   0   // 0
  0   0   0   0   0   1  -1   0   0   0  -1  -1   1   2  -1   0   1   // 1
  0   0   0   0   0   0  -1  -1   0   0   0   0   1   1   0   0   3   // 3
  0   0   0   0   0   0   0   0   1   0   1   0   0  -1   0  -1   0   // 0
  0   0   0   0   0   0   0   0   0   1  -1   0   0   1  -1   0   0   // 0
  0   0   0   0   0   0   0   0   0   0   1   1  -1  -1   0   0   7   // 7
  0   0   0   0   0   0   0   0   0   0   0   0   1   1   1   1  19   // 23
---
 -1   1  -1   1   1  -2   7   4   1   1   1   1  -2  -7   4  -1  30 

count = 3
after sign correction
A = 
  1   0   1   0   0   0  -2  -2   0   0   1   1   0   1  -1   0   0   // 0
  0   1  -1   0   0  -1   3   2   0   0   0   0  -1  -3   3   1   0   // 4
  0   0   1   0   0  -2   3   0   0   0   3   2  -3  -5   2  -1   0   // 0
  0   0   0   1   0   0   0   1   0   0  -1   0   0   0  -1   0   0   // 0
  0   0   0   0   1   0   1   0   0   0   0   0   0  -1   0  -1   0   // 0
  0   0   0   0   0   1  -1   0   0   0  -1  -1   1   2  -1   0   1   // 1
  0   0   0   0   0   0  -1  -1   0   0   0   0   1   1   0   0   3   // 3
  0   0   0   0   0   0   0   0   1   0   1   0   0  -1   0  -1   0   // 0
  0   0   0   0   0   0   0   0   0   1  -1   0   0   1  -1   0   0   // 0
  0   0   0   0   0   0   0   0   0   0   1   1  -1  -1   0   0   7   // 7
  0   0   0   0   0   0   0   0   0   0   0   0   1   1   1   1  19   // 23
---
  1   1   1   1   1  -2   3   0   1   1   3   3  -2  -5   2  -1  30 

 x_0  +   x_2   - 2 x_6  - 2 x_7  +   x_10 +   x_11 +   x_13 -   x_14        =  0
 x_1  -   x_2   -   x_5  + 3 x_6  + 2 x_7  -   x_12 - 3 x_13 + 3 x_14 + x_15 =  0
 x_2  - 2 x_5   + 3 x_6  + 3 x_10 + 2 x_11 - 3 x_12 - 5 x_13 + 2 x_14 - x_15 =  0
 x_3  +   x_7   -   x_10 -   x_14                                            =  0
 x_4  +   x_6   -   x_13 -   x_15                                            =  0
 x_5  -   x_6   -   x_10 -   x_11 +   x_12 + 2 x_13 -   x_14                 =  1
-x_6  -   x_7   +   x_12 +   x_13                                            =  3
 x_8  +   x_10  -   x_13 -   x_15                                            =  0
 x_9  -   x_10  +   x_13 -   x_14                                            =  0
 x_10 +   x_11  -   x_12 -   x_13                                            =  7
 x_12 +   x_13  +   x_14 +   x_15                                            = 19

also inconsistent without:
 x_2  - 2 x_5   + 3 x_6  + 3 x_10 + 2 x_11 - 3 x_12 - 5 x_13 + 2 x_14 - x_15 =  0
 x_9  -   x_10  +   x_13 -   x_14                                            =  0

test5: consistent example:
  1   1   0   0  -1   0  -1   0   0   1  -2  -1   0   2  -1   1   0   // 0
  0   1   0   0  -1   0   0   0   0  -1   2   0  -1  -2   2   0   0   // 0
  0   0   1   0  -1   0   1   1   0   0   0  -1  -1   0   0   0   0   // 0
  0   0   0   1   0   0  -1   0   0   1  -3  -1   2   3  -2   0   0   // 0
  0   0   0   0   1   0   3   2   0   1  -3  -2   1   1   0   0   0   // 4
  0   0   0   0   0   1  -1   0   0  -1   1   0   0   0   0   0   0   // 0
  0   0   0   0   0   0   1   1   0   3  -5  -2   1   4  -3   0   0   // 0
  0   0   0   0   0   0   0   0   1  -1   3   1  -1  -3   1  -1   0   // 0
  0   0   0   0   0   0   0   0   0   1  -1   0   0   1  -1   0   1   // 1
  0   0   0   0   0   0   0   0   0   0  -1  -1   1   1   0   0   3   // 3
  0   0   0   0   0   0   0   0   0   0   0   0   1   1   1   1  19   // 23
---
  1   2   1   1  -2   1   2   4   1   4  -9  -7   3   8  -3   1  23 

test6a: consistent example:
  1   0   0   0   0   1  -3  -1   0   0  -1   0   1   3  -2   1   0   // 0
  0   1   0   0   0  -1   3   1  -1   0   2   2  -4  -5   2   0   0   // 0
  0   0   1   0   0  -1   2   0   0   0   2   1  -2  -3   1  -1   0   // 0
  0   0   0   1   0   0   0   1   0   0  -1   0   0   0  -1   0   0   // 0
  0   0   0   0   1   0   1   0  -1   0  -1   0   0   0   0   0   0   // 0
  0   0   0   0   0   1  -1   0   0   0  -1  -1   1   2  -1   0   1   // 1
  0   0   0   0   0   0  -1  -1   0   0   0   0   1   1   0   0   3   // 3
  0   0   0   0   0   0   0   0   1   0  -1  -2   3   2   1   0   4   // 8
  0   0   0   0   0   0   0   0   0   1  -1   0   0   1  -1   0   0   // 0
  0   0   0   0   0   0   0   0   0   0   1   1  -1  -1   0   0   7   // 7
  0   0   0   0   0   0   0   0   0   0   0   0   1   1   1   1  19   // 23
---
  1   1   1   1   1   0   1   0  -1   1  -1   1   0   1   0   1  34 

test6b: inconsistent example:
  1   0   1   0   0   0  -2  -2   0   0   1   1   0   1  -1   0   0   // 0
  0   1  -1   0   0  -1   3   2   0   0   0   0  -1  -3   3   1   0   // 4
  0   0   1   0   0  -2   3   0   0   0   3   2  -3  -5   2  -1   0   // 0
  0   0   0   1   0   0   0   1   0   0  -1   0   0   0  -1   0   0   // 0
  0   0   0   0   1   0   1   0   0   0   0   0   0  -1   0  -1   0   // 0
  0   0   0   0   0   1  -1   0   0   0  -1  -1   1   2  -1   0   1   // 1
  0   0   0   0   0   0  -1  -1   0   0   0   0   1   1   0   0   3   // 3
  0   0   0   0   0   0   0   0   1   0   1   0   0  -1   0  -1   0   // 0
  0   0   0   0   0   0   0   0   0   1  -1   0   0   1  -1   0   0   // 0
  0   0   0   0   0   0   0   0   0   0   1   1  -1  -1   0   0   7   // 7
  0   0   0   0   0   0   0   0   0   0   0   0   1   1   1   1  19   // 23
---
  1   1   1   1   1  -2   3   0   1   1   3   3  -2  -5   2  -1  30 

test4: inconsistent example:
  1   2  -1   0   0   0   0   0   0   0   0   0  -1  -2   1   0   0   // 0
  0   1  -1   0  -1   0  -1   0   0   0   0   0   0   0   1   1   0   // 0
  0   0   1   0  -1   0   0   0  -1   0  -1  -1   0   2   0   1   0   // 0
  0   0   0   1   0   0  -1   0   1   0   1   1   0  -1  -1  -1   0   // 0
  0   0   0   0   1   0   1   0  -3   0  -5  -2   2   4   0   2   0   // 0
  0   0   0   0   0   1  -1   0   0   0  -1  -1   1   2  -1   0   0   // 0
  0   0   0   0   0   0   1   1   1   0   2   1  -2  -3   0  -1   0   // 0
  0   0   0   0   0   0   0   0   1   0   2   1  -1  -2   0  -1   1   // 1
  0   0   0   0   0   0   0   0   0   1  -1   0   0   1  -1   0   0   // 0
  0   0   0   0   0   0   0   0   0   0  -1  -1   1   1   0   0   4   // 4
  0   0   0   0   0   0   0   0   0   0   0   0   1   1   1   1  18   // 22
---
  1   3  -1   1  -1   1  -1   1  -1   1  -4  -2   1   3   0   2  23 


test4: inconsistent example:
herm(A) = 
  1   0   0   0   0   0   0   1   0   0   0   1   0   1   1   3   9   //   17
  0   1   0   0   0   0   0  -1   0   0   0  -1   0  -1   0  -2   2   //   -2
  0   0   1   0   0   0   0  -1   0   0   0  -1   0   0  -1  -2  -5   //   -9
  0   0   0   1   0   0   0   1   0   0   0   1   0   0   0   1  12   //   16
  0   0   0   0   1   0   0  -1   0   0   0   0   0  -1  -1  -2 -10   //  -14
  0   0   0   0   0   1   0   1   0   0   0   0   0   1   0   1  13   //   17
  0   0   0   0   0   0   1   1   0   0   0   0   0   0   1   1  17   //   21
  0   0   0   0   0   0   0   0   1   0   0  -1   0  -1  -1  -2  -9   //  -13
  0   0   0   0   0   0   0   0   0   1   0   1   0   1   0   1  14   //   18
  0   0   0   0   0   0   0   0   0   0   1   1   0   0   1   1  14   //   18
  0   0   0   0   0   0   0   0   0   0   0   0   1   1   1   1  18   //   22
---
  1   1   1   1   1   1   1   1   1   1   1   1   1   1   1   1  75 
test5: consistent example:
herm(A) = 
  1   0   0   0   0   0   0   1   0   0   0   1   0   1   1   3  21   //   29
  0   1   0   0   0   0   0  -1   0   0   0  -1   0  -1   0  -2 -14   //  -18
  0   0   1   0   0   0   0  -1   0   0   0  -1   0   0  -1  -2  -9   //  -13
  0   0   0   1   0   0   0   1   0   0   0   1   0   0   0   1   3   //    7
  0   0   0   0   1   0   0  -1   0   0   0   0   0  -1  -1  -2 -18   //  -22
  0   0   0   0   0   1   0   1   0   0   0   0   0   1   0   1  11   //   15
  0   0   0   0   0   0   1   1   0   0   0   0   0   0   1   1  10   //   14
  0   0   0   0   0   0   0   0   1   0   0  -1   0  -1  -1  -2 -12   //  -16
  0   0   0   0   0   0   0   0   0   1   0   1   0   1   0   1  17   //   21
  0   0   0   0   0   0   0   0   0   0   1   1   0   0   1   1  16   //   20
  0   0   0   0   0   0   0   0   0   0   0   0   1   1   1   1  19   //   23
---
  1   1   1   1   1   1   1   1   1   1   1   1   1   1   1   1  44 
test6a: consistent example:
herm(A) = 
  1   0   0   0   0   0   0   1   0   0   0   1   0   1   1   3  31   //   39
  0   1   0   0   0   0   0  -1   0   0   0  -1   0  -1   0  -2 -27   //  -31
  0   0   1   0   0   0   0  -1   0   0   0  -1   0   0  -1  -2 -22   //  -26
  0   0   0   1   0   0   0   1   0   0   0   1   0   0   0   1  26   //   30
  0   0   0   0   1   0   0  -1   0   0   0   0   0  -1  -1  -2 -17   //  -21
  0   0   0   0   0   1   0   1   0   0   0   0   0   1   0   1  24   //   28
  0   0   0   0   0   0   1   1   0   0   0   0   0   0   1   1  16   //   20
  0   0   0   0   0   0   0   0   1   0   0  -1   0  -1  -1  -2 -27   //  -31
  0   0   0   0   0   0   0   0   0   1   0   1   0   1   0   1  26   //   30
  0   0   0   0   0   0   0   0   0   0   1   1   0   0   1   1  26   //   30
  0   0   0   0   0   0   0   0   0   0   0   0   1   1   1   1  19   //   23
---
  1   1   1   1   1   1   1   1   1   1   1   1   1   1   1   1  75 
test6b: inconsistent example:
herm(A) = 
  1   0   0   0   0   0   0   1   0   0   0   1   0   1   1   3  27   //   35
  0   1   0   0   0   0   0  -1   0   0   0  -1   0  -1   0  -2 -26   //  -30
  0   0   1   0   0   0   0  -1   0   0   0  -1   0   0  -1  -2 -21   //  -25
  0   0   0   1   0   0   0   1   0   0   0   1   0   0   0   1  26   //   30
  0   0   0   0   1   0   0  -1   0   0   0   0   0  -1  -1  -2 -16   //  -20
  0   0   0   0   0   1   0   1   0   0   0   0   0   1   0   1  24   //   28
  0   0   0   0   0   0   1   1   0   0   0   0   0   0   1   1  16   //   20
  0   0   0   0   0   0   0   0   1   0   0  -1   0  -1  -1  -2 -26   //  -30
  0   0   0   0   0   0   0   0   0   1   0   1   0   1   0   1  26   //   30
  0   0   0   0   0   0   0   0   0   0   1   1   0   0   1   1  26   //   30
  0   0   0   0   0   0   0   0   0   0   0   0   1   1   1   1  19   //   23
---
  1   1   1   1   1   1   1   1   1   1   1   1   1   1   1   1  75 
