0 1073 1270 1576 2340 5053
1 1048 1287 1617 2235 5007
2 1035 1252 1606 2292 5125
3 1054 1224 1599 2232 4833
4 1002 1294 1628 2252 4909
5 1014 1273 1494 2270 4883
6 1008 1287 1621 2330 4835
7 986 1193 1566 2217 4731
8 1070 1383 1566 2336 4866
9 961 1250 1442 2342 4762
10 1051 1277 1555 2249 4750
11 1044 1255 1559 2147 4771
12 1036 1320 1528 2277 4725
13 1070 1263 1545 2277 4613
14 1056 1272 1484 2174 4627
15 1062 1206 1555 2223 4673
16 1039 1244 1575 2251 4621
17 1048 1242 1553 2244 4767
18 1043 1289 1596 2206 4622
19 1028 1200 1639 2302 4651
20 1074 1283 1548 2182 4591
21 1043 1215 1517 2264 4591
22 1110 1226 1502 2150 4452
23 1088 1202 1465 2212 4597
24 1020 1247 1491 2117 4472
25 1014 1294 1453 2184 4467
26 1025 1218 1542 2199 4423
27 1037 1279 1494 2145 4395
28 1057 1216 1560 2194 4278
29 1052 1294 1567 2249 4513
30 1072 1256 1505 2206 4160
31 1068 1258 1574 2277 4237
32 997 1190 1587 2301 4256
33 1023 1252 1549 2204 4194
34 1022 1249 1517 2148 4223
35 993 1192 1471 2140 4216
36 1093 1256 1477 2192 4310
37 1035 1212 1551 2174 4121
38 1081 1236 1528 2133 4273
39 1034 1233 1527 2100 4191
40 1050 1289 1522 2125 4085
41 1031 1279 1491 2159 4109
42 1012 1229 1512 2053 4101
43 1100 1229 1546 2164 4055
44 1079 1176 1499 2098 4121
45 1046 1253 1500 2093 3913
46 1016 1247 1491 2073 3984
47 1098 1218 1508 2027 4086
48 1048 1242 1510 2096 3936
49 1033 1231 1569 2067 4003
50 1066 1225 1562 2070 3988
51 1059 1291 1496 2085 3870
52 1022 1244 1431 2035 3871
53 1041 1328 1527 2080 3822
54 1024 1250 1526 2040 3744
55 1028 1245 1500 2093 3741
56 1056 1219 1507 2096 3799
57 1056 1259 1460 2079 3766
58 1035 1233 1473 2116 3838
59 1081 1284 1491 2084 3738
60 1019 1176 1454 2027 3834
61 1020 1227 1437 2110 3676
62 1063 1190 1474 2049 3581
63 1031 1231 1506 2054 3655
64 1052 1213 1472 2081 3485
65 1042 1207 1456 2113 3591
66 1011 1222 1414 2083 3523
67 1020 1212 1410 1997 3606
68 1020 1232 1513 2038 3610
69 1011 1231 1438 2110 3667
70 1122 1234 1397 1961 3604
71 1046 1317 1482 2017 3524
72 1030 1167 1453 1967 3607
73 1045 1264 1522 1987 3505
74 1066 1246 1486 1973 3515
75 1024 1225 1446 2072 3545
76 1048 1185 1507 1928 3481
77 1035 1228 1459 1931 3476
78 998 1302 1497 1956 3412
79 1039 1253 1417 1917 3388
80 1008 1258 1498 1903 3449
81 1021 1215 1479 1993 3332
82 1046 1274 1392 1913 3289
83 1058 1249 1429 2061 3312
84 1045 1207 1378 1916 3230
85 991 1216 1460 1882 3321
86 1010 1181 1489 1896 3270
87 1124 1232 1483 1943 3349
88 1075 1167 1481 1938 3187
89 1036 1208 1542 1954 3246
90 1048 1210 1476 1897 3257
91 1041 1174 1474 1912 3205
92 1049 1171 1458 1901 3052
93 1008 1232 1428 1907 3092
94 1026 1194 1421 1941 3136
95 1067 1170 1405 1920 3191
96 1024 1272 1431 1949 3180
97 1038 1162 1422 1926 3106
98 993 1241 1492 1829 3040
99 1089 1195 1425 1896 3026
100 1103 1159 1386 1913 2967
101 1022 1212 1355 1952 2929
102 997 1199 1482 1931 3100
103 970 1286 1499 1902 3025
104 1029 1212 1383 1779 2878
105 1055 1230 1423 1880 3013
106 1084 1255 1387 1860 2951
107 1054 1193 1436 1875 2919
108 1002 1169 1432 1902 2832
109 1013 1236 1474 1830 2984
110 1086 1115 1418 1853 2978
111 998 1218 1347 1894 2865
112 1072 1194 1455 1789 2854
113 1077 1241 1506 1903 2953
114 1092 1212 1433 1803 2777
115 1077 1180 1430 1788 2799
116 1032 1205 1384 1856 2781
117 1031 1179 1360 1761 2749
118 1026 1207 1421 1825 2728
119 1037 1149 1385 1774 2757
120 1032 1172 1356 1836 2766
121 1068 1256 1391 1794 2736
122 1003 1148 1485 1762 2733
123 1082 1199 1370 1837 2697
124 1036 1164 1375 1755 2680
125 996 1217 1424 1795 2698
126 948 1179 1366 1743 2664
127 975 1230 1412 1755 2606
128 1060 1141 1400 1705 2712
129 1015 1169 1361 1702 2663
130 1007 1179 1429 1878 2614
131 1024 1197 1290 1768 2564
132 996 1231 1379 1874 2518
133 1037 1236 1390 1747 2468
134 1063 1166 1329 1843 2621
135 1033 1110 1407 1823 2587
136 1009 1193 1321 1710 2509
137 1113 1154 1359 1803 2552
138 1046 1177 1338 1819 2525
139 1052 1169 1355 1752 2563
140 993 1220 1388 1749 2443
141 1061 1234 1328 1850 2468
142 1057 1198 1381 1674 2382
143 1005 1167 1422 1704 2457
144 1087 1144 1322 1793 2449
145 1081 1163 1358 1659 2431
146 1030 1173 1345 1787 2447
147 1037 1183 1359 1758 2338
148 1003 1147 1346 1668 2415
149 1057 1191 1339 1723 2388
150 1027 1197 1315 1671 2342
151 1053 1172 1353 1658 2441
152 1020 1145 1374 1726 2376
153 1039 1170 1392 1677 2348
154 1042 1162 1331 1671 2347
155 1060 1144 1339 1666 2293
156 1076 1162 1372 1618 2235
157 1096 1186 1374 1664 2312
158 1035 1147 1387 1662 2274
159 1008 1181 1390 1680 2344
160 975 1176 1329 1725 2223
161 956 1139 1319 1736 2288
162 1036 1186 1348 1699 2283
163 1039 1174 1366 1656 2136
164 1019 1158 1387 1651 2178
165 1038 1144 1313 1662 2217
166 1101 1152 1366 1676 2190
167 1007 1171 1319 1677 2201
168 1019 1172 1318 1663 2056
169 1015 1169 1353 1633 2133
170 1002 1121 1325 1630 2068
171 1005 1249 1336 1617 2144
172 1015 1204 1399 1638 2145
173 1046 1159 1348 1592 2070
174 994 1174 1327 1621 2018
175 1072 1163 1392 1610 2128
176 1012 1189 1329 1713 1956
177 1055 1239 1346 1613 2153
178 1082 1151 1321 1627 1980
179 1009 1185 1330 1619 2033
180 1066 1175 1311 1596 2083
181 1058 1154 1255 1659 1959
182 1017 1146 1317 1560 2072
183 1024 1172 1371 1551 2010
184 1039 1195 1276 1602 2050
185 1027 1156 1314 1589 1912
186 1019 1142 1278 1532 2004
187 1070 1181 1366 1623 2005
188 1009 1173 1283 1640 1996
189 1024 1174 1358 1550 1950
190 1016 1201 1329 1583 1961
191 1048 1108 1343 1619 1956
192 1046 1092 1272 1532 1913
193 1008 1084 1279 1606 1890
194 1145 1146 1309 1582 1926
195 1070 1159 1284 1613 1917
196 1051 1206 1266 1538 1830
197 1041 1117 1273 1594 1855
198 1042 1134 1212 1529 1880
199 1053 1146 1291 1672 1843
200 1038 1190 1339 1570 1888
201 1005 1212 1341 1511 1816
202 1065 1170 1271 1504 1863
203 1018 1122 1322 1538 1806
204 1001 1166 1267 1539 1814
205 1005 1092 1299 1493 1839
206 1027 1179 1329 1577 1840
207 1105 1159 1288 1550 1701
208 1007 1159 1280 1461 1739
209 988 1150 1256 1518 1802
210 1062 1116 1240 1552 1789
211 1039 1127 1241 1550 1835
212 980 1158 1223 1523 1712
213 1054 1195 1283 1553 1709
214 1092 1175 1321 1564 1689
215 980 1150 1296 1523 1642
216 1000 1112 1241 1577 1715
217 1019 1175 1273 1458 1676
218 1006 1185 1266 1478 1631
219 1071 1107 1284 1453 1714
220 1034 1106 1338 1502 1673
221 1075 1112 1222 1473 1736
222 1043 1143 1221 1552 1664
223 1048 1170 1276 1528 1637
224 1015 1121 1264 1442 1607
225 1060 1114 1313 1457 1631
226 1047 1071 1274 1449 1611
227 1061 1118 1263 1453 1576
228 1019 1112 1277 1436 1628
229 1069 1133 1224 1459 1561
230 1049 1087 1257 1603 1564
231 1037 1148 1241 1446 1508
232 1078 1121 1235 1455 1546
233 1020 1156 1329 1464 1503
234 1007 1176 1282 1492 1623
235 1030 1164 1279 1443 1532
236 1093 1095 1290 1448 1577
237 974 1079 1282 1438 1562
238 1011 1114 1295 1450 1557
239 1039 1136 1181 1390 1541
240 1028 1122 1266 1437 1509
241 1017 1119 1248 1424 1502
242 979 1048 1249 1463 1490
243 974 1135 1212 1401 1552
244 1007 1176 1212 1443 1440
245 1058 1144 1202 1418 1505
246 989 1100 1235 1427 1496
247 1016 1094 1248 1446 1498
248 1046 1063 1269 1401 1462
249 1076 1067 1179 1412 1436
250 1050 1105 1223 1398 1441
251 1018 1124 1203 1406 1410
252 995 1087 1310 1433 1422
253 1049 1143 1189 1455 1387
254 990 1164 1284 1324 1474
255 1026 1118 1244 1348 1430
256 984 1134 1221 1420 1363
257 1035 1139 1179 1367 1369
258 1050 1154 1296 1326 1360
259 1034 1099 1208 1406 1391
260 999 1086 1207 1362 1434
261 1016 1088 1161 1401 1406
262 1045 1162 1295 1384 1340
263 1004 1166 1212 1373 1329
264 1050 1117 1212 1352 1329
265 983 1124 1191 1376 1372
266 982 1066 1184 1349 1349
267 1037 1083 1223 1405 1293
268 1068 1164 1195 1399 1294
269 993 1121 1183 1356 1272
270 1023 1135 1182 1340 1303
271 1034 1132 1222 1338 1222
272 1005 1153 1287 1316 1279
273 1005 1141 1221 1341 1291
274 975 1112 1243 1360 1242
275 1033 1117 1186 1267 1278
276 1068 1084 1229 1340 1289
277 1048 1107 1184 1292 1239
278 1062 1087 1197 1349 1187
279 987 1076 1202 1334 1269
280 996 1077 1163 1316 1187
281 1052 1099 1183 1296 1234
282 1032 1123 1280 1313 1157
283 1041 1117 1169 1341 1181
284 1011 1095 1192 1327 1247
285 967 1056 1196 1341 1234
286 1064 1126 1160 1289 1206
287 995 1082 1211 1292 1197
288 1053 1113 1128 1257 1197
289 1007 1098 1174 1313 1185
290 1008 1129 1141 1235 1163
291 1097 1048 1232 1305 1207
292 1014 1104 1158 1215 1119
293 987 1122 1175 1300 1091
294 1002 1062 1192 1321 1094
295 1040 1085 1214 1292 1154
296 1067 1085 1140 1284 1172
297 1039 1063 1183 1302 1137
298 1026 1047 1160 1235 1170
299 1024 1147 1257 1265 1073
300 1034 1097 1146 1264 1151
301 1047 1041 1121 1217 1150
302 991 1165 1215 1222 1085
303 1022 1090 1156 1197 1081
304 1004 1119 1173 1211 1159
305 1022 1091 1193 1270 1114
306 1006 1124 1162 1273 1024
307 1009 1067 1267 1287 1073
308 1002 1130 1209 1219 1066
309 980 1118 1208 1215 1063
310 1000 1013 1197 1248 1116
311 1030 1123 1106 1337 1080
312 1042 1047 1208 1199 1056
313 1070 1072 1156 1209 1046
314 1051 1071 1143 1250 982
315 1076 1060 1231 1268 1110
316 1055 1108 1175 1210 1017
317 988 1061 1140 1258 1016
318 991 1138 1127 1249 1002
319 1023 1099 1137 1157 1000
320 1036 1071 1126 1197 1041
321 1015 1063 1078 1232 947
322 1036 1080 1187 1216 987
323 967 1036 1155 1160 1030
324 1010 1092 1207 1208 1010
325 1010 1064 1089 1197 1030
326 1039 1109 1156 1219 978
327 1036 1092 1176 1172 1035
328 1002 1072 1153 1133 1031
329 985 1089 1098 1193 959
330 993 1115 1159 1148 964
331 1035 1115 1126 1161 953
332 1048 1067 1165 1187 978
333 1000 1076 1105 1149 965
334 1021 1014 1121 1153 919
335 1020 1015 1123 1174 921
336 1002 1059 1100 1243 944
337 1026 1129 1150 1172 960
338 998 1042 1140 1217 924
339 987 1137 1166 1211 909
340 1018 1061 1154 1197 978
341 1044 1001 1136 1242 830
342 993 1111 1121 1149 864
343 1010 1072 1118 1155 952
344 959 1067 1138 1155 853
345 1001 1045 1091 1168 905
346 1037 1109 1117 1117 893
347 1008 1045 1067 1152 926
348 1045 1098 1090 1221 873
349 1071 1118 1069 1146 855
350 991 1058 1133 1119 879
351 967 1023 1161 1225 899
352 1014 1031 1108 1161 851
353 972 1056 1095 1082 865
354 1033 1063 1097 1119 860
355 989 1065 1095 1170 853
356 1029 1098 1077 1141 911
357 1082 1071 1099 1172 878
358 962 1079 1108 1103 826
359 1059 1100 1091 1111 804
360 988 1056 1119 1151 816
361 959 1091 1150 1114 828
362 1012 1060 1103 1090 762
363 1021 1054 1091 1115 803
364 995 1073 1130 1103 817
365 966 1101 1112 1111 863
366 972 1025 1129 1124 864
367 1034 1079 1082 1097 782
368 1046 1026 1109 1116 805
369 977 1021 1069 1124 802
370 1025 1012 1130 1027 801
371 998 1014 1117 1099 763
372 993 1030 1160 1057 682
373 1042 1067 1097 1137 762
374 1069 1027 1038 1145 819
375 1027 1048 1135 1060 797
376 985 1062 1070 1065 729
377 1022 1026 1028 1075 836
378 1003 1051 1091 1099 777
379 1053 1085 1067 1040 760
380 1001 1122 1042 1010 735
381 934 1083 1094 1067 713
382 1017 1053 1065 1119 779
383 1020 1140 1113 1079 697
384 990 1033 1049 1080 759
385 991 1041 1048 1029 733
386 1041 1043 1112 1027 743
387 967 1108 1086 1054 690
388 1017 1055 1100 1095 711
389 1013 1148 1056 1015 763
390 1046 1042 1082 1081 711
391 1013 1064 1036 1001 741
392 971 1038 1029 1063 693
393 979 1017 1064 1080 689
394 998 980 1067 1097 682
395 1009 1047 1091 1032 731
396 1026 1035 1078 1108 686
397 994 1066 1072 998 690
398 1057 1106 1054 1041 688
399 996 1060 1050 999 665
400 968 1093 1043 1047 663
401 1049 1030 1072 1024 678
402 1021 1031 1018 1085 669
403 1032 1050 1031 997 643
404 988 1046 1086 1041 683
405 1018 1063 1053 1062 664
406 972 970 1017 1101 665
407 999 1070 1099 1005 683
408 1036 1024 1052 1015 648
409 1004 987 1080 1048 620
410 1062 1001 1002 1009 635
411 991 1010 1030 1040 676
412 1024 1064 1121 1037 599
413 1040 1055 1026 999 672
414 1004 1002 1055 1028 632
415 961 1043 1080 965 642
416 1015 1040 1108 1015 627
417 1037 1009 1050 964 621
418 960 1020 1029 1032 588
419 957 1075 1101 1009 619
420 1056 997 1036 1007 599
421 987 1049 1045 965 616
422 1015 1052 1057 979 616
423 986 995 1033 919 563
424 979 1047 999 923 630
425 969 996 1046 965 602
426 952 1022 1028 1014 601
427 996 1033 1036 976 638
428 1010 952 1087 1018 605
429 1010 970 1000 1000 558
430 1020 1005 1064 940 538
431 1047 1027 1041 970 573
432 1021 1010 997 971 564
433 1008 1013 1046 980 578
434 1025 992 998 985 564
435 982 959 1056 986 552
436 1013 1051 1020 991 521
437 1000 1038 1083 968 569
438 1037 1014 1046 979 585
439 999 996 1014 928 585
440 1026 929 1005 975 550
441 1038 1001 1030 925 560
442 1015 1060 977 930 562
443 1039 1023 989 958 533
444 1000 1013 978 947 589
445 988 1029 1021 968 506
446 1014 1046 1050 933 540
447 1075 1045 1035 945 499
448 1020 1034 1010 929 534
449 926 979 1003 919 599
450 1052 1014 997 916 535
451 1069 1038 992 930 526
452 982 997 1061 921 469
453 1039 1015 1025 913 494
454 944 995 1017 896 548
455 945 996 983 979 515
456 1030 1017 980 975 547
457 979 998 1010 952 498
458 1032 1009 1015 892 513
459 1010 1024 1007 952 548
460 991 1063 984 880 500
461 1015 1069 939 939 483
462 977 1036 1040 967 516
463 1015 1009 956 909 478
464 1006 1092 1035 971 525
465 993 997 1010 964 488
466 1045 1001 953 937 507
467 1004 998 953 954 447
468 993 1000 943 905 520
469 1071 975 997 942 479
470 1062 997 1012 899 485
471 1020 994 959 912 510
472 1026 1024 1027 894 446
473 1007 1030 1030 917 515
474 989 997 943 862 500
475 1025 984 1007 853 435
476 1030 1049 973 909 430
477 1033 1014 971 885 467
478 993 1010 995 897 461
479 992 996 970 922 452
480 979 1009 997 886 484
481 971 981 949 932 457
482 1037 993 950 877 439
483 1021 972 914 917 438
484 1002 990 1017 953 452
485 1024 989 943 892 435
486 990 989 1009 867 459
487 988 1037 939 862 424
488 1002 997 1008 870 427
489 1034 1029 971 875 405
490 959 977 972 870 439
491 964 995 917 806 443
492 871 1009 1018 891 441
493 971 983 945 841 422
494 971 950 935 812 425
495 1026 937 948 902 455
496 1017 991 960 866 425
497 1035 977 962 829 430
498 959 935 982 869 423
499 982 1009 995 861 412
500 995 1000 943 906 400
501 998 997 960 861 396
502 975 985 931 868 393
503 1007 991 913 795 421
504 980 975 977 854 410
505 1006 984 992 837 413
506 1017 1018 949 826 392
507 974 994 955 900 400
508 1038 933 962 814 408
509 1041 999 924 843 401
510 1026 980 970 868 373
511 1015 956 997 824 398
512 949 1006 906 811 388
513 1020 996 963 815 394
514 945 1015 993 806 386
515 982 943 946 769 377
516 1008 977 900 864 376
517 1029 994 972 826 350
518 998 961 939 796 376
519 1013 981 998 807 363
520 972 959 906 792 380
521 1028 962 998 839 392
522 966 953 933 805 346
523 1009 972 987 829 365
524 1087 943 938 814 368
525 995 937 876 841 340
526 939 970 964 776 357
527 1025 1004 957 812 345
528 953 1023 891 784 374
529 960 960 902 799 365
530 1001 962 958 810 352
531 992 932 961 848 352
532 1018 942 892 737 340
533 1064 988 981 777 358
534 1037 943 867 770 349
535 963 1006 916 768 388
536 957 957 954 786 354
537 1007 971 932 811 374
538 981 940 925 801 349
539 972 941 931 745 364
540 977 1006 926 794 334
541 1030 954 916 829 349
542 1004 1012 901 795 326
543 970 977 965 787 341
544 983 992 959 786 329
545 989 1022 921 757 291
546 986 957 928 775 314
547 1028 947 935 797 365
548 980 984 963 787 321
549 963 1020 889 839 353
550 983 950 880 728 313
551 956 988 891 785 325
552 955 953 862 766 320
553 993 959 895 750 313
554 1005 986 931 777 310
555 1020 974 910 750 296
556 1007 915 901 741 300
557 1004 995 905 722 318
558 1008 966 938 695 294
559 962 909 925 740 300
560 975 956 865 747 318
561 942 953 905 750 332
562 999 977 935 726 307
563 949 924 921 742 288
564 971 986 846 708 271
565 974 961 922 760 315
566 977 978 926 734 297
567 952 970 879 747 340
568 956 977 852 760 326
569 1006 969 892 733 288
570 998 920 886 748 288
571 949 950 886 714 292
572 1043 963 873 747 276
573 990 992 917 713 261
574 1005 990 857 735 294
575 1001 941 863 687 271
576 1009 964 846 730 286
577 994 940 880 711 252
578 983 980 880 695 311
579 1011 990 916 734 288
580 1010 967 932 737 263
581 974 959 875 701 270
582 964 983 909 748 275
583 1013 934 894 710 266
584 989 967 894 738 289
585 963 947 815 708 260
586 1033 991 889 733 266
587 1029 937 907 719 263
588 1012 940 946 736 272
589 972 949 854 726 256
590 1042 944 852 717 270
591 1008 1034 831 715 261
592 980 934 839 695 259
593 968 902 908 719 267
594 974 893 862 687 266
595 1063 940 824 686 298
596 1007 925 894 707 248
597 962 931 856 749 252
598 967 936 906 664 254
599 944 856 908 699 258
600 896 927 921 702 263
601 1053 891 870 698 262
602 953 961 903 629 277
603 976 930 855 651 269
604 1011 981 871 684 222
605 1014 950 881 716 240
606 986 926 905 674 245
607 970 944 795 733 249
608 962 923 840 700 249
609 997 965 836 689 258
610 1020 892 826 697 240
611 988 919 862 686 226
612 1029 922 836 667 223
613 1004 910 858 703 233
614 1015 928 874 662 233
615 1002 920 892 639 227
616 1038 935 803 699 243
617 1035 983 860 656 249
618 978 1014 885 616 243
619 969 951 859 664 213
620 948 929 863 680 212
621 1060 866 890 727 210
622 978 968 854 679 235
623 991 995 863 668 195
624 1023 932 811 714 240
625 971 941 840 724 197
626 1087 946 826 665 202
627 979 922 839 661 242
628 1046 974 824 637 207
629 941 922 837 649 220
630 1008 944 838 689 211
631 973 924 814 673 203
632 1036 922 831 668 218
633 960 866 871 652 190
634 957 941 854 645 226
635 975 927 816 607 219
636 1054 910 830 640 212
637 979 871 850 660 219
638 1026 863 846 686 222
639 1015 954 840 596 209
640 1050 904 835 624 206
641 952 936 884 636 203
642 967 916 835 638 233
643 999 941 863 618 201
644 1040 976 808 672 188
645 921 962 816 602 176
646 1033 911 881 683 193
647 985 948 841 649 177
648 945 920 847 617 180
649 942 919 812 602 208
650 983 906 786 675 220
651 991 877 822 641 189
652 979 887 818 621 208
653 999 875 778 662 201
654 998 877 823 622 173
655 976 865 855 615 199
656 1018 906 799 602 178
657 994 935 850 631 193
658 1009 881 820 565 209
659 1068 868 845 589 184
660 1002 915 823 655 197
661 968 958 770 606 193
662 979 934 815 587 187
663 1000 978 842 592 195
664 983 927 807 643 170
665 941 929 843 651 168
666 962 946 786 618 191
667 1011 909 808 608 203
668 985 913 814 569 177
669 1003 890 738 604 167
670 1014 916 814 569 184
671 981 909 848 586 167
672 1008 914 783 568 157
673 1035 928 815 594 176
674 970 890 823 620 185
675 994 948 781 602 174
676 1013 927 851 593 166
677 934 898 761 588 150
678 998 889 812 585 146
679 989 878 762 598 190
680 969 883 791 606 184
681 996 908 835 616 161
682 965 846 834 605 170
683 952 903 769 606 172
684 988 845 761 580 190
685 961 900 783 589 158
686 974 860 757 565 165
687 954 919 794 614 160
688 961 917 739 563 149
689 911 916 782 591 136
690 996 863 799 544 144
691 938 871 760 538 162
692 976 867 797 580 163
693 960 926 774 572 152
694 1012 896 738 603 161
695 962 843 815 560 145
696 1000 870 805 585 145
697 1018 891 784 615 151
698 959 932 812 578 137
699 1004 908 804 550 154
700 966 872 796 537 142
701 978 898 777 558 181
702 906 902 814 554 156
703 1013 900 781 606 145
704 967 894 763 567 122
705 962 902 750 566 134
706 1006 923 786 599 148
707 1006 841 770 571 137
708 960 904 734 561 139
709 956 893 739 591 141
710 947 884 774 537 134
711 1004 908 825 553 151
712 963 850 798 528 149
713 983 913 797 569 126
714 1030 932 809 546 146
715 1014 935 791 530 153
716 978 900 766 566 134
717 996 957 739 571 125
718 976 896 760 553 126
719 956 881 750 523 140
720 950 888 760 552 131
721 950 850 724 569 124
722 994 896 737 563 132
723 1035 875 813 581 129
724 998 892 741 533 134
725 1023 854 725 502 144
726 1012 864 754 521 134
727 989 873 782 559 127
728 935 894 818 478 126
729 924 915 737 530 124
730 978 882 790 538 113
731 958 872 775 553 127
732 1026 824 778 552 107
733 975 869 762 520 147
734 1026 846 765 483 117
735 967 919 789 512 115
736 922 838 776 524 120
737 1053 844 762 502 124
738 956 847 791 541 121
739 936 857 751 510 130
740 990 868 748 521 129
741 998 891 704 512 127
742 987 871 768 535 137
743 1002 857 718 480 135
744 983 898 746 487 116
745 1004 837 724 521 110
746 929 865 749 515 146
747 972 898 739 495 140
748 1024 911 813 522 125
749 950 901 741 534 103
750 957 891 737 547 134
751 1006 890 779 505 122
752 935 878 761 519 107
753 1015 877 712 518 119
754 934 876 809 471 127
755 979 870 726 503 117
756 1008 799 734 521 108
757 984 845 746 502 117
758 969 865 744 520 105
759 980 912 707 536 98
760 941 884 749 471 99
761 994 872 813 488 116
762 977 816 741 487 118
763 957 885 756 522 116
764 969 856 717 528 113
765 985 931 707 504 123
766 1037 915 738 476 112
767 962 886 706 501 108
768 990 884 740 495 118
769 986 877 716 482 107
770 938 856 804 498 91
771 994 873 730 476 102
772 975 842 737 522 108
773 942 907 752 467 102
774 954 831 743 481 96
775 978 875 731 531 107
776 987 838 729 457 101
777 982 859 761 479 112
778 993 853 672 501 102
779 1019 848 757 517 114
780 943 839 661 479 106
781 965 808 756 472 93
782 929 836 719 486 109
783 911 826 745 479 104
784 969 896 712 473 89
785 951 848 709 463 114
786 1004 891 680 439 87
787 968 844 715 490 94
788 956 865 729 455 88
789 959 829 739 481 109
790 939 809 712 445 101
791 954 828 736 490 110
792 963 837 696 512 96
793 993 867 678 472 93
794 972 840 675 441 97
795 970 826 740 492 92
796 942 900 697 471 101
797 1006 866 754 482 97
798 973 852 744 454 82
799 953 857 708 504 108
800 971 856 684 461 122
801 969 861 708 456 77
802 983 847 768 446 93
803 896 811 677 462 86
804 938 905 731 468 86
805 923 855 737 474 96
806 936 827 751 462 77
807 940 877 727 472 101
808 980 840 667 489 91
809 983 876 733 461 80
810 977 811 667 425 82
811 1012 865 681 473 98
812 942 831 734 427 96
813 915 849 691 469 104
814 937 884 692 461 74
815 981 819 645 471 76
816 908 830 686 418 88
817 976 861 699 460 71
818 996 841 700 462 78
819 937 835 730 450 87
820 972 854 727 451 81
821 947 828 703 447 87
822 1051 862 681 464 92
823 905 877 692 413 95
824 952 878 680 470 97
825 982 832 675 435 75
826 1034 834 702 451 87
827 976 773 688 416 81
828 962 816 661 421 80
829 1024 848 723 444 95
830 943 837 639 409 79
831 948 853 688 430 66
832 1008 865 707 430 75
833 935 866 706 419 54
834 963 837 731 442 75
835 981 838 667 423 64
836 937 833 748 428 68
837 954 882 655 439 76
838 928 794 669 429 61
839 934 836 717 400 81
840 982 813 699 433 74
841 966 848 697 439 62
842 976 855 655 406 74
843 935 814 649 439 77
844 934 794 659 442 72
845 980 823 646 439 86
846 974 818 657 424 71
847 907 781 656 398 61
848 969 836 665 462 74
849 987 831 703 441 70
850 959 800 749 435 67
851 969 815 706 392 77
852 953 826 631 425 73
853 972 817 686 399 77
854 1012 818 674 429 66
855 970 826 672 419 57
856 1014 827 647 418 60
857 913 861 643 399 75
858 964 867 685 448 61
859 961 803 656 383 72
860 961 852 656 436 70
861 961 808 683 376 74
862 996 802 709 405 65
863 933 854 693 379 74
864 984 851 683 444 71
865 924 853 646 420 81
866 967 766 631 458 64
867 948 818 651 417 59
868 968 847 616 374 69
869 944 852 679 436 79
870 949 836 676 382 57
871 974 852 626 416 67
872 912 832 680 395 61
873 965 776 610 377 55
874 933 846 636 424 66
875 963 859 632 426 60
876 1017 848 619 434 62
877 928 847 678 415 60
878 964 754 608 408 68
879 931 847 726 421 68
880 926 793 666 355 67
881 932 844 677 395 57
882 999 832 658 373 58
883 963 842 635 388 58
884 993 841 645 400 54
885 984 838 657 392 62
886 939 837 673 423 44
887 1003 827 666 401 74
888 984 868 686 372 67
889 919 826 624 395 64
890 985 792 640 426 57
891 970 856 629 422 59
892 935 850 608 389 55
893 966 789 655 411 60
894 973 783 671 408 71
895 981 843 639 368 47
896 926 805 654 390 44
897 980 846 647 371 61
898 922 785 655 397 55
899 921 841 672 351 54
900 950 806 656 364 55
901 962 798 665 374 61
902 973 763 590 388 51
903 996 790 600 377 35
904 927 802 671 349 52
905 903 843 644 399 57
906 953 820 617 347 48
907 934 850 615 401 49
908 937 858 651 358 72
909 995 818 615 383 45
910 998 797 633 379 67
911 950 775 652 414 55
912 975 777 610 395 43
913 933 790 628 421 52
914 948 799 583 372 57
915 1047 805 610 386 43
916 1032 774 631 353 61
917 996 787 623 358 48
918 986 774 646 371 58
919 999 764 614 402 50
920 995 781 627 379 40
921 960 855 627 385 58
922 1018 826 664 342 46
923 932 802 621 398 47
924 947 812 596 346 54
925 942 748 612 344 49
926 919 796 641 356 38
927 973 799 611 364 47
928 983 804 663 371 34
929 920 786 635 332 49
930 971 735 599 349 53
931 995 744 651 362 41
932 1011 842 663 362 44
933 925 783 624 374 43
934 954 785 625 342 41
935 961 800 634 351 45
936 934 815 650 372 48
937 1028 789 635 388 48
938 979 782 578 395 56
939 962 757 602 347 47
940 952 811 635 360 43
941 943 786 617 358 35
942 882 805 598 353 46
943 972 816 599 364 40
944 960 871 603 361 35
945 927 807 616 374 51
946 1037 765 589 350 47
947 906 782 601 354 55
948 940 817 622 345 46
949 990 815 564 351 42
950 871 784 599 334 44
951 955 729 608 358 50
952 945 748 612 327 47
953 984 732 547 337 34
954 1000 792 620 309 45
955 963 811 541 360 37
956 996 757 638 331 42
957 921 828 597 329 43
958 937 765 586 304 45
959 922 779 579 324 30
960 910 803 583 343 54
961 935 756 585 347 41
962 1018 787 603 307 52
963 964 783 634 316 45
964 902 807 568 312 43
965 961 803 588 347 46
966 978 803 608 367 41
967 949 767 632 342 36
968 944 822 590 335 42
969 942 836 558 309 40
970 893 831 590 374 35
971 955 821 597 350 50
972 934 785 583 368 51
973 957 782 605 364 31
974 958 822 588 332 55
975 921 814 590 304 34
976 919 789 580 368 47
977 974 749 580 332 45
978 940 757 632 348 42
979 930 820 559 318 31
980 981 777 611 326 38
981 943 745 588 320 31
982 963 734 620 296 32
983 951 811 619 304 52
984 977 750 629 303 41
985 1006 758 618 336 36
986 902 788 599 324 40
987 960 738 642 316 30
988 916 793 581 304 35
989 990 823 611 283 37
990 932 792 595 327 35
991 953 801 564 316 36
992 943 764 613 321 35
993 962 740 594 327 23
994 986 769 596 309 34
995 957 809 597 324 31
996 922 784 584 337 37
997 955 794 564 327 37
998 925 823 565 333 28
999 960 746 570 279 44
