./a.out 
original:
   0.111111     0.037037    0.0246914            0    0.0493827   //  0.222222
   0.111111     0.037037    0.0246914    0.0493827            0   //  0.222222
          0     0.037037    0.0246914            0    0.0493827   //  0.111111
          0            0            0            0            0   //         0
          0            0            0            0            0   //         0
--
   0.222222     0.111111    0.0740741    0.0493827    0.0987654 
Total: 0.555556
normalized:
        0.2    0.0666667    0.0444444            0    0.0888889   //       0.4
        0.2    0.0666667    0.0444444    0.0888889            0   //       0.4
          0    0.0666667    0.0444444            0    0.0888889   //       0.2
          0            0            0            0            0   //         0
          0            0            0            0            0   //         0
---
        0.4          0.2     0.133333    0.0888889     0.177778 

