1 1 0 0
1.2 1.2 0.263034 39.4552
1.44 1.44 0.526069 78.9103
1.728 1.728 0.789103 118.365
2.0736 2.0736 1.05214 157.821
2.48832 2.48832 1.31517 197.276
2.98598 2.98598 1.57821 236.731
3.58318 3.58318 1.84124 276.186
4.29982 4.29982 2.10428 315.641
5.15978 5.15978 2.36731 355.096
6.19174 6.19174 2.63034 394.552
7.43008 7.43008 2.89338 434.007
8.9161 8.9161 3.15641 473.462
10.6993 10.6993 3.41945 512.917
12.8392 12.8392 3.68248 552.372
15.407 15.407 3.94552 591.827
18.4884 18.4884 4.20855 631.283
22.1861 22.1861 4.47158 670.738
26.6233 26.6233 4.73462 710.193
31.948 31.948 4.99765 749.648
38.3376 38.3376 5.26069 789.103
46.0051 46.0051 5.52372 828.558
55.2061 55.2061 5.78676 868.014
66.2474 66.2474 6.04979 907.469
79.4968 79.4968 6.31283 946.924
95.3962 95.3962 6.57586 986.379
114.475 114.475 6.83889 1025.83
137.371 137.371 7.10193 1065.29
164.845 164.845 7.36496 1104.74
197.814 197.814 7.628 1144.2
237.376 237.376 7.89103 1183.65
284.852 284.852 8.15407 1223.11
341.822 341.822 8.4171 1262.57
410.186 410.186 8.68014 1302.02
492.224 492.224 8.94317 1341.48
590.668 590.668 9.2062 1380.93
708.802 708.802 9.46924 1420.39
850.562 850.562 9.73227 1459.84
1020.67 1020.67 9.99531 1499.3
1224.81 1224.81 10.2583 1538.75
1469.77 1469.77 10.5214 1578.21
1763.73 1763.73 10.7844 1617.66
2116.47 2116.47 11.0474 1657.12
2539.77 2539.77 11.3105 1696.57
3047.72 3047.72 11.5735 1736.03
3657.26 3657.26 11.8365 1775.48
4388.71 4388.71 12.0996 1814.94
5266.46 5266.46 12.3626 1854.39
6319.75 6319.75 12.6257 1893.85
7583.7 7583.7 12.8887 1933.3
9100.44 9100.44 13.1517 1972.76
10920.5 10920.5 13.4148 2012.21
13104.6 13104.6 13.6778 2051.67
15725.6 15725.6 13.9408 2091.12
18870.7 18870.7 14.2039 2130.58
22644.8 22644.8 14.4669 2170.03
27173.8 27173.8 14.7299 2209.49
32608.5 32608.5 14.993 2248.94
39130.2 39130.2 15.256 2288.4
46956.3 46956.3 15.519 2327.85
56347.5 56347.5 15.7821 2367.31
67617 67617 16.0451 2406.76
81140.4 81140.4 16.3081 2446.22
97368.5 97368.5 16.5712 2485.68
116842 116842 16.8342 2525.13
140211 140211 17.0972 2564.59
168253 168253 17.3603 2604.04
201903 201903 17.6233 2643.5
242284 242284 17.8863 2682.95
290741 290741 18.1494 2722.41
348889 348889 18.4124 2761.86
418667 418667 18.6754 2801.32
502400 502400 18.9385 2840.77
602880 602880 19.2015 2880.23
723456 723456 19.4645 2919.68
868147 868147 19.7276 2959.14
